1,1.9
2,65.9
3,34.6
4,36.3
5,1.3
6,98.4
7,44.2
8,38.4
9,34.6
10,89.2
11,94.2
12,69.1
13,46.8
14,90.7
15,89.9
16,14.3
17,22.1
18,3.8
19,83.7
20,89.5
21,11.5
22,86.6
23,27.1
24,30.9
25,66.5
26,23.6
27,26.0
28,35.4
29,97.4
30,39.5
31,60.6
32,32.5
33,79.4
34,19.6
35,67.0
36,36.3
37,52.0
38,97.4
39,42.8
40,89.3
41,40.1
42,41.6
43,4.2
44,64.2
45,27.3
46,8.3
47,15.0
48,70.2
49,67.0
50,33.5
51,10.9
52,50.2
53,3.7
54,59.3
55,51.0
56,29.5
57,13.3
58,45.7
59,84.7
60,4.8
61,17.1
62,54.8
63,88.5
64,35.0
65,16.8
66,54.8
67,7.6
68,15.0
69,69.8
70,39.3
71,80.8
72,86.1
73,57.1
74,98.4
75,19.2
76,95.2
77,1.8
78,18.9
79,42.8
80,35.5
81,61.4
82,33.8
83,43.7
84,63.3
85,4.5
86,84.7
87,10.2
88,92.2
89,29.1
90,4.6
91,29.8
92,44.1
93,87.7
94,50.4
95,98.9
96,50.3
97,87.4
98,7.6
99,8.3
100,32.1
101,62.9
102,60.5
103,58.2
104,11.4
105,87.6
106,73.4
107,21.4
108,76.9
109,75.7
110,20.9
111,19.9
112,90.5
113,0.6
114,20.9
115,57.4
116,25.1
117,74.4
118,40.7
119,48.0
120,51.1
121,15.7
122,17.5
123,46.9
124,71.8
125,91.1
126,32.2
127,29.7
128,30.2
129,6.2
130,40.9
131,56.5
132,42.8
133,1.2
134,42.7
135,95.6
136,0.6
137,71.0
138,9.7
139,86.0
140,0.7
141,81.0
142,44.3
143,73.9
144,13.9
145,1.9
146,61.6
147,64.1
148,82.0
149,13.3
150,34.4
151,45.4
152,72.1
153,53.5
154,46.6
155,82.2
156,73.9
157,83.6
158,18.3
159,74.4
160,4.7
161,20.0
162,6.6
163,68.8
164,72.7
165,59.7
166,44.6
167,71.3
168,19.4
169,80.9
170,38.0
171,95.5
172,18.0
173,30.8
174,16.3
175,9.4
176,74.1
177,65.9
178,45.6
179,93.0
180,28.8
181,1.1
182,9.2
183,88.5
184,38.3
185,9.9
186,42.0
187,26.2
188,71.9
189,16.6
190,70.7
191,83.4
192,99.9
193,51.0
194,54.0
195,62.8
196,37.6
197,19.9
198,12.3
199,13.4
200,9.5
201,76.7
202,95.7
203,32.5
204,67.0
205,54.9
206,26.1
207,26.8
208,4.3
209,55.6
210,72.1
211,2.7
212,73.8
213,3.6
214,21.8
215,81.8
216,93.2
217,65.3
218,74.8
219,84.6
220,31.3
221,23.3
222,28.5
223,14.3
224,38.8
225,90.1
226,51.2
227,12.0
228,68.0
229,68.1
230,29.9
231,67.2
232,74.0
233,15.0
234,70.1
235,69.0
236,58.1
237,97.7
238,70.1
239,57.3
240,15.1
241,26.2
242,92.4
243,13.1
244,94.5
245,90.9
246,59.9
247,73.6
248,98.3
249,25.8
250,14.0
251,48.1
252,0.1
253,98.6
254,2.8
255,6.5
256,33.4
257,57.4
258,51.3
259,77.3
260,89.1
261,16.6
262,12.9
263,80.8
264,93.8
265,13.8
266,52.9
267,51.7
268,50.6
269,31.2
270,82.1
271,43.0
272,80.1
273,94.2
274,84.1
275,30.7
276,82.5
277,37.2
278,67.6
279,72.6
280,33.7
281,27.0
282,20.5
283,82.8
284,52.8
285,80.6
286,55.8
287,99.2
288,61.0
289,51.3
290,91.2
291,20.4
292,53.9
293,62.4
294,41.4
295,16.0
296,51.8
297,65.0
298,69.5
299,38.3
300,49.2
301,47.0
302,3.9
303,40.9
304,51.2
305,81.3
306,72.9
307,15.6
308,43.9
309,54.1
310,16.8
311,66.4
312,64.1
313,40.9
314,26.5
315,83.9
316,69.8
317,21.4
318,30.9
319,67.0
320,13.3
321,31.4
322,7.0
323,1.8
324,77.6
325,67.2
326,19.3
327,9.1
328,17.3
329,78.6
330,22.4
331,24.1
332,90.3
333,63.1
334,53.0
335,9.7
336,36.6
337,9.3
338,4.7
339,23.7
340,35.9
341,76.3
342,30.6
343,77.4
344,4.0
345,77.7
346,77.7
347,62.1
348,69.9
349,98.3
350,30.7
351,69.2
352,54.5
353,88.0
354,51.3
355,8.0
356,67.2
357,69.6
358,13.5
359,90.6
360,14.4
361,47.1
362,62.4
363,15.0
364,9.0
365,89.8
366,23.5
367,62.3
368,65.9
369,48.7
370,37.6
371,66.3
372,62.4
373,98.1
374,1.2
375,57.5
376,92.7
377,0.0
378,87.9
379,6.6
380,24.5
381,86.4
382,72.9
383,12.7
384,72.3
385,71.2
386,30.1
387,7.0
388,25.4
389,97.5
390,82.3
391,60.4
392,10.8
393,86.9
394,75.4
395,19.1
396,45.5
397,65.9
398,65.3
399,66.9
400,89.8
401,57.0
402,51.5
403,38.9
404,66.9
405,4.4
406,49.6
407,42.4
408,50.0
409,16.2
410,52.0
411,2.7
412,3.7
413,96.5
414,92.4
415,55.8
416,81.4
417,20.5
418,19.4
419,78.0
420,40.7
421,39.6
422,26.0
423,88.5
424,57.1
425,36.5
426,55.6
427,30.8
428,80.3
429,53.7
430,86.5
431,13.7
432,69.3
433,45.1
434,20.7
435,64.0
436,26.0
437,87.3
438,13.2
439,56.9
440,1.3
441,21.5
442,14.4
443,10.6
444,86.4
445,37.8
446,62.7
447,97.2
448,9.5
449,95.1
450,66.5
451,79.1
452,64.7
453,25.2
454,92.2
455,54.6
456,70.2
457,26.5
458,30.6
459,75.3
460,7.9
461,0.3
462,29.7
463,26.8
464,61.3
465,13.5
466,27.3
467,58.6
468,27.4
469,42.8
470,27.2
471,90.0
472,93.5
473,97.8
474,37.7
475,64.9
476,71.8
477,34.6
478,6.3
479,81.9
480,24.2
481,51.4
482,95.3
483,25.2
484,27.7
485,43.7
486,21.8
487,69.8
488,36.0
489,71.4
490,75.1
491,21.8
492,54.5
493,29.2
494,26.9
495,60.8
496,75.9
497,10.9
498,31.9
499,31.6
500,48.4
501,49.5
502,45.5
503,7.2
504,89.4
505,36.8
506,96.8
507,15.7
508,12.3
509,60.6
510,54.1
511,32.7
512,0.4
513,11.5
514,94.9
515,74.0
516,26.9
517,27.7
518,26.8
519,80.7
520,52.3
521,10.2
522,56.7
523,12.2
524,26.5
525,42.0
526,52.7
527,71.3
528,40.8
529,38.1
530,74.8
531,93.1
532,39.3
533,56.9
534,49.6
535,30.8
536,32.4
537,5.8
538,60.7
539,13.1
540,63.9
541,77.1
542,18.4
543,23.4
544,51.0
545,31.4
546,75.0
547,79.2
548,67.0
549,19.7
550,10.0
551,45.7
552,76.9
553,53.6
554,44.7
555,28.6
556,66.4
557,95.2
558,12.2
559,60.7
560,66.0
561,71.5
562,73.0
563,66.7
564,90.6
565,86.1
566,15.4
567,67.7
568,6.7
569,99.9
570,46.4
571,60.2
572,40.9
573,83.3
574,40.3
575,32.6
576,42.1
577,78.6
578,97.6
579,2.6
580,66.8
581,36.3
582,2.1
583,67.1
584,54.4
585,39.9
586,88.4
587,30.3
588,9.2
589,77.7
590,65.0
591,73.5
592,19.4
593,24.3
594,47.6
595,27.7
596,15.0
597,94.0
598,76.7
599,83.7
600,47.0
601,39.4
602,36.8
603,72.3
604,92.7
605,18.6
606,64.4
607,9.5
608,58.8
609,98.4
610,36.9
611,97.5
612,96.5
613,29.4
614,63.7
615,24.1
616,7.0
617,93.7
618,9.0
619,68.2
620,94.6
621,72.0
622,96.2
623,60.4
624,99.4
625,98.1
626,28.2
627,51.3
628,58.4
629,90.3
630,20.1
631,23.7
632,47.4
633,84.1
634,34.0
635,13.0
636,26.5
637,24.1
638,83.9
639,84.1
640,95.2
641,78.6
642,0.2
643,36.8
644,14.2
645,94.6
646,2.4
647,66.6
648,53.8
649,8.8
650,74.5
651,28.1
652,56.4
653,51.9
654,39.0
655,73.3
656,95.1
657,92.8
658,18.6
659,50.1
660,18.5
661,49.8
662,21.5
663,61.1
664,8.7
665,89.3
666,92.0
667,93.7
668,14.5
669,36.6
670,9.1
671,31.4
672,30.4
673,36.3
674,87.7
675,88.6
676,10.7
677,69.3
678,79.7
679,36.1
680,64.0
681,65.6
682,16.9
683,64.0
684,1.1
685,33.4
686,10.9
687,65.8
688,74.0
689,38.9
690,37.5
691,56.7
692,82.9
693,83.5
694,25.5
695,87.7
696,2.0
697,49.8
698,34.0
699,20.0
700,84.8
701,81.7
702,21.0
703,24.4
704,55.5
705,23.7
706,4.7
707,2.1
708,93.0
709,0.5
710,53.2
711,5.2
712,21.8
713,86.1
714,98.8
715,33.6
716,84.8
717,19.4
718,2.6
719,28.0
720,59.7
721,10.8
722,43.9
723,20.7
724,34.1
725,50.4
726,55.7
727,52.6
728,99.9
729,63.6
730,56.1
731,53.2
732,42.0
733,99.5
734,94.7
735,37.5
736,33.4
737,42.9
738,92.3
739,41.6
740,43.2
741,97.1
742,77.3
743,38.6
744,79.6
745,88.5
746,82.1
747,55.6
748,65.4
749,77.9
750,22.6
751,4.3
752,46.7
753,2.4
754,55.3
755,1.8
756,51.2
757,61.4
758,41.6
759,48.3
760,1.6
761,41.4
762,48.0
763,66.3
764,5.1
765,37.6
766,20.3
767,4.9
768,49.4
769,15.4
770,27.3
771,24.2
772,33.9
773,9.3
774,37.2
775,14.0
776,81.2
777,10.6
778,36.4
779,5.9
780,87.3
781,60.0
782,30.7
783,56.7
784,62.9
785,42.7
786,4.4
787,87.5
788,7.4
789,69.0
790,85.5
791,88.3
792,44.2
793,18.0
794,50.2
795,47.1
796,18.0
797,27.4
798,43.0
799,0.3
800,58.7
801,96.6
802,78.1
803,47.9
804,17.1
805,55.1
806,92.3
807,24.3
808,74.8
809,45.0
810,55.0
811,23.7
812,77.6
813,39.6
814,65.5
815,0.8
816,57.9
817,36.3
818,37.4
819,23.6
820,49.2
821,83.3
822,69.3
823,49.2
824,57.5
825,6.6
826,70.1
827,87.9
828,36.0
829,58.0
830,57.6
831,37.3
832,78.0
833,79.0
834,33.4
835,74.4
836,78.8
837,29.3
838,53.4
839,18.0
840,44.0
841,5.4
842,66.3
843,33.2
844,53.1
845,8.5
846,78.8
847,25.7
848,13.9
849,54.4
850,31.4
851,87.3
852,19.9
853,31.0
854,44.6
855,67.4
856,14.7
857,14.6
858,19.6
859,15.6
860,67.1
861,34.4
862,49.9
863,24.7
864,17.2
865,49.5
866,69.0
867,35.9
868,54.6
869,99.5
870,94.8
871,87.1
872,23.6
873,38.8
874,58.8
875,30.9
876,27.9
877,49.7
878,33.4
879,3.4
880,0.4
881,22.9
882,35.3
883,95.9
884,22.5
885,69.9
886,25.6
887,31.4
888,48.4
889,70.7
890,22.8
891,28.5
892,25.9
893,8.1
894,15.7
895,22.4
896,56.1
897,40.4
898,22.1
899,86.3
900,53.9
901,41.5
902,17.2
903,81.1
904,37.1
905,91.4
906,59.8
907,37.0
908,67.8
909,94.7
910,70.0
911,38.4
912,82.2
913,95.9
914,53.2
915,32.7
916,69.4
917,2.8
918,7.4
919,60.0
920,68.9
921,17.4
922,45.7
923,18.3
924,80.5
925,80.3
926,84.3
927,61.2
928,78.1
929,64.9
930,7.5
931,13.3
932,59.2
933,46.1
934,4.2
935,71.9
936,58.8
937,82.8
938,9.8
939,53.2
940,7.5
941,7.1
942,80.5
943,52.8
944,93.0
945,92.1
946,81.1
947,32.4
948,62.7
949,14.0
950,16.4
951,46.1
952,24.2
953,50.0
954,74.6
955,48.4
956,44.6
957,29.4
958,84.1
959,65.3
960,84.4
961,4.2
962,2.0
963,3.0
964,1.7
965,4.4
966,13.4
967,91.3
968,46.2
969,86.8
970,28.6
971,84.7
972,20.4
973,27.9
974,28.2
975,45.8
976,19.4
977,18.4
978,50.7
979,61.6
980,64.3
981,31.2
982,5.8
983,36.3
984,36.9
985,28.7
986,51.0
987,34.3
988,93.5
989,51.4
990,97.6
991,18.3
992,29.2
993,37.5
994,5.9
995,69.0
996,11.1
997,23.0
998,57.4
999,75.4
1000,23.4
1001,70.3
1002,31.4
1003,6.7
1004,96.6
1005,55.2
1006,83.3
1007,13.7
1008,98.4
1009,18.0
1010,24.2
1011,77.7
1012,70.6
1013,21.4
1014,58.1
1015,63.0
1016,18.0
1017,81.9
1018,95.4
1019,91.0
1020,71.7
1021,77.0
1022,18.6
1023,45.4
1024,23.3
1025,27.2
1026,88.8
1027,3.5
1028,74.0
1029,76.8
1030,1.4
1031,56.0
1032,74.3
1033,69.8
1034,55.8
1035,94.8
1036,55.3
1037,56.0
1038,77.8
1039,37.4
1040,89.8
1041,72.8
1042,9.1
1043,41.5
1044,29.3
1045,38.3
1046,39.7
1047,43.3
1048,89.7
1049,77.5
1050,66.1
1051,76.7
1052,10.5
1053,75.3
1054,58.0
1055,22.0
1056,54.9
1057,21.4
1058,32.1
1059,2.9
1060,86.4
1061,44.2
1062,37.2
1063,67.8
1064,85.9
1065,35.4
1066,18.5
1067,43.7
1068,79.4
1069,26.2
1070,51.3
1071,18.1
1072,49.0
1073,90.5
1074,83.4
1075,90.2
1076,11.7
1077,58.8
1078,22.6
1079,75.5
1080,98.4
1081,23.1
1082,53.5
1083,44.2
1084,81.8
1085,35.2
1086,80.4
1087,97.5
1088,63.1
1089,14.1
1090,80.6
1091,40.6
1092,78.2
1093,11.9
1094,23.9
1095,89.6
1096,99.2
1097,99.0
1098,60.8
1099,44.5
1100,14.4
1101,97.7
1102,38.1
1103,75.0
1104,54.6
1105,21.7
1106,69.5
1107,47.0
1108,77.3
1109,19.0
1110,70.7
1111,65.4
1112,13.2
1113,3.5
1114,73.9
1115,99.2
1116,26.7
1117,32.5
1118,64.9
1119,89.5
1120,84.3
1121,76.1
1122,37.4
1123,58.2
1124,62.8
1125,97.4
1126,65.4
1127,45.4
1128,15.9
1129,59.4
1130,50.3
1131,50.8
1132,80.0
1133,64.0
1134,75.4
1135,14.2
1136,6.1
1137,15.9
1138,55.8
1139,84.5
1140,52.0
1141,16.0
1142,58.1
1143,67.3
1144,33.2
1145,79.3
1146,3.0
1147,50.4
1148,40.3
1149,25.5
1150,66.8
1151,31.5
1152,60.4
1153,30.2
1154,22.3
1155,9.6
1156,39.3
1157,81.0
1158,79.5
1159,72.0
1160,50.0
1161,24.4
1162,83.9
1163,41.0
1164,61.3
1165,90.1
1166,38.3
1167,99.8
1168,72.7
1169,44.1
1170,22.1
1171,55.6
1172,41.7
1173,65.9
1174,18.3
1175,83.5
1176,82.9
1177,48.1
1178,4.5
1179,2.9
1180,0.5
1181,30.6
1182,73.1
1183,30.0
1184,99.1
1185,33.5
1186,74.4
1187,3.3
1188,47.6
1189,83.7
1190,52.2
1191,81.9
1192,45.5
1193,27.9
1194,49.4
1195,1.2
1196,40.3
1197,9.2
1198,3.5
1199,70.3
1200,41.6
1201,55.3
1202,7.9
1203,81.9
1204,85.2
1205,11.8
1206,57.6
1207,46.4
1208,0.9
1209,20.6
1210,40.8
1211,29.6
1212,57.5
1213,30.5
1214,48.3
1215,5.2
1216,23.0
1217,97.3
1218,21.8
1219,90.7
1220,13.4
1221,0.3
1222,67.2
1223,84.7
1224,67.1
1225,57.7
1226,36.8
1227,32.1
1228,33.1
1229,75.2
1230,93.7
1231,39.0
1232,84.9
1233,60.3
1234,79.0
1235,73.1
1236,43.9
1237,91.0
1238,33.4
1239,68.0
1240,77.4
1241,95.3
1242,49.3
1243,55.7
1244,58.7
1245,2.7
1246,55.7
1247,64.9
1248,6.1
1249,26.5
1250,66.6
1251,79.4
1252,39.7
1253,35.2
1254,62.2
1255,11.2
1256,15.8
1257,59.6
1258,57.5
1259,19.8
1260,74.9
1261,83.8
1262,19.4
1263,56.3
1264,70.0
1265,41.6
1266,54.1
1267,44.4
1268,64.6
1269,41.9
1270,61.8
1271,65.7
1272,57.1
1273,12.5
1274,83.7
1275,76.1
1276,64.4
1277,49.2
1278,2.3
1279,23.0
1280,37.2
1281,79.8
1282,7.2
1283,87.6
1284,0.3
1285,77.8
1286,37.5
1287,13.3
1288,30.5
1289,14.6
1290,55.1
1291,63.1
1292,10.0
1293,3.7
1294,69.0
1295,66.7
1296,46.3
1297,22.2
1298,40.2
1299,72.1
1300,53.1
1301,65.1
1302,32.5
1303,70.5
1304,4.5
1305,77.4
1306,47.1
1307,32.6
1308,99.3
1309,46.6
1310,65.6
1311,19.7
1312,43.9
1313,19.6
1314,34.2
1315,55.2
1316,26.7
1317,43.9
1318,82.0
1319,92.7
1320,75.2
1321,82.1
1322,99.9
1323,23.1
1324,98.9
1325,27.0
1326,82.8
1327,77.8
1328,50.9
1329,74.4
1330,7.7
1331,18.5
1332,96.4
1333,52.3
1334,16.1
1335,0.5
1336,22.6
1337,56.6
1338,15.1
1339,89.6
1340,41.2
1341,89.8
1342,5.8
1343,63.4
1344,24.9
1345,62.4
1346,21.4
1347,42.2
1348,81.4
1349,89.5
1350,21.0
1351,0.8
1352,89.1
1353,29.6
1354,72.9
1355,88.9
1356,54.3
1357,29.5
1358,28.7
1359,60.0
1360,97.7
1361,40.8
1362,32.9
1363,24.0
1364,9.6
1365,53.4
1366,9.9
1367,59.5
1368,29.4
1369,51.5
1370,48.5
1371,26.1
1372,32.8
1373,16.2
1374,51.1
1375,14.7
1376,45.1
1377,72.9
1378,36.7
1379,48.9
1380,64.9
1381,36.7
1382,5.0
1383,51.2
1384,75.8
1385,99.2
1386,89.2
1387,44.1
1388,27.0
1389,14.3
1390,98.9
1391,41.2
1392,49.5
1393,47.4
1394,23.2
1395,19.1
1396,68.5
1397,1.0
1398,19.4
1399,30.4
1400,11.3
1401,15.6
1402,11.0
1403,57.6
1404,79.1
1405,89.5
1406,85.3
1407,75.8
1408,10.6
1409,77.7
1410,22.9
1411,32.4
1412,67.6
1413,75.0
1414,88.9
1415,94.5
1416,97.9
1417,33.5
1418,92.8
1419,89.7
1420,97.1
1421,74.1
1422,41.3
1423,1.8
1424,42.0
1425,25.0
1426,16.3
1427,30.4
1428,33.6
1429,18.1
1430,79.4
1431,77.0
1432,12.5
1433,44.3
1434,41.6
1435,14.9
1436,49.7
1437,19.1
1438,95.6
1439,47.1
1440,66.4
1441,94.0
1442,16.7
1443,38.8
1444,33.3
1445,49.2
1446,18.9
1447,69.0
1448,53.3
1449,2.5
1450,36.4
1451,70.0
1452,57.4
1453,6.3
1454,84.8
1455,34.5
1456,82.2
1457,62.4
1458,55.4
1459,84.6
1460,60.7
1461,53.9
1462,65.6
1463,50.4
1464,23.4
1465,63.1
1466,28.3
1467,99.3
1468,65.3
1469,19.1
1470,94.5
1471,17.4
1472,6.2
1473,50.7
1474,51.9
1475,29.2
1476,25.4
1477,79.3
1478,37.4
1479,1.8
1480,14.4
1481,48.5
1482,57.1
1483,17.9
1484,83.1
1485,70.4
1486,70.8
1487,72.3
1488,0.7
1489,40.1
1490,17.9
1491,79.2
1492,44.0
1493,26.4
1494,7.0
1495,16.9
1496,4.2
1497,58.3
1498,88.9
1499,33.6
1500,2.0
1501,15.2
1502,12.4
1503,5.3
1504,81.1
1505,32.4
1506,99.5
1507,62.0
1508,36.2
1509,3.1
1510,14.7
1511,10.7
1512,34.4
1513,47.8
1514,33.7
1515,42.6
1516,64.7
1517,49.2
1518,32.8
1519,71.9
1520,0.4
1521,33.8
1522,51.1
1523,97.0
1524,7.9
1525,95.5
1526,34.7
1527,52.4
1528,88.4
1529,47.2
1530,22.0
1531,73.5
1532,59.1
1533,17.2
1534,6.8
1535,85.8
1536,81.8
1537,35.2
1538,70.1
1539,33.7
1540,32.4
1541,7.0
1542,55.1
1543,27.8
1544,58.8
1545,3.8
1546,0.0
1547,30.1
1548,73.3
1549,1.0
1550,99.8
1551,97.4
1552,11.7
1553,65.7
1554,41.7
1555,22.5
1556,16.5
1557,3.4
1558,14.4
1559,37.5
1560,88.5
1561,88.5
1562,22.0
1563,13.1
1564,39.9
1565,2.9
1566,19.4
1567,61.4
1568,69.4
1569,66.1
1570,86.8
1571,80.9
1572,21.3
1573,87.3
1574,19.8
1575,17.7
1576,6.2
1577,96.7
1578,13.9
1579,94.6
1580,93.6
1581,70.7
1582,77.9
1583,3.0
1584,49.0
1585,50.7
1586,8.6
1587,90.0
1588,17.4
1589,36.6
1590,67.4
1591,54.5
1592,73.6
1593,38.2
1594,30.4
1595,83.0
1596,5.4
1597,64.1
1598,95.6
1599,72.5
1600,75.3
1601,45.7
1602,39.8
1603,82.3
1604,39.9
1605,24.1
1606,13.6
1607,62.2
1608,82.8
1609,57.4
1610,41.7
1611,84.5
1612,38.5
1613,64.7
1614,4.9
1615,90.9
1616,75.5
1617,30.3
1618,90.4
1619,69.7
1620,71.9
1621,37.4
1622,84.5
1623,9.9
1624,90.9
1625,54.8
1626,87.9
1627,56.2
1628,9.0
1629,50.6
1630,57.9
1631,96.4
1632,34.9
1633,52.4
1634,78.4
1635,45.7
1636,64.3
1637,68.6
1638,57.3
1639,83.3
1640,19.1
1641,43.0
1642,6.9
1643,86.7
1644,94.7
1645,37.4
1646,9.7
1647,29.7
1648,37.7
1649,97.5
1650,48.2
1651,29.1
1652,31.9
1653,39.7
1654,89.8
1655,53.6
1656,9.3
1657,69.1
1658,85.4
1659,87.5
1660,42.8
1661,24.9
1662,64.4
1663,94.1
1664,41.6
1665,28.2
1666,54.9
1667,55.5
1668,1.2
1669,17.9
1670,4.0
1671,8.6
1672,34.2
1673,40.4
1674,88.2
1675,79.8
1676,45.7
1677,70.1
1678,67.4
1679,22.2
1680,72.6
1681,43.0
1682,21.6
1683,86.5
1684,50.0
1685,37.7
1686,8.9
1687,78.4
1688,43.0
1689,16.1
1690,75.5
1691,24.1
1692,1.0
1693,88.8
1694,60.8
1695,95.6
1696,55.1
1697,80.2
1698,50.5
1699,35.5
1700,12.9
1701,37.3
1702,34.4
1703,93.0
1704,80.3
1705,15.2
1706,17.5
1707,28.6
1708,7.7
1709,39.3
1710,31.7
1711,82.0
1712,57.0
1713,8.2
1714,18.4
1715,33.8
1716,56.5
1717,65.5
1718,50.2
1719,57.7
1720,50.8
1721,15.6
1722,27.6
1723,7.2
1724,8.4
1725,31.6
1726,64.6
1727,53.1
1728,49.6
1729,72.4
1730,18.6
1731,95.4
1732,11.8
1733,48.9
1734,20.8
1735,13.7
1736,52.7
1737,30.5
1738,28.7
1739,64.8
1740,75.3
1741,27.0
1742,46.9
1743,14.1
1744,7.9
1745,69.4
1746,79.0
1747,65.8
1748,52.5
1749,71.6
1750,87.2
1751,35.4
1752,57.9
1753,79.8
1754,41.3
1755,64.5
1756,82.5
1757,68.0
1758,47.4
1759,97.3
1760,56.0
1761,93.1
1762,73.0
1763,37.7
1764,44.5
1765,88.4
1766,35.0
1767,85.0
1768,79.2
1769,4.2
1770,89.6
1771,12.8
1772,67.6
1773,61.6
1774,97.5
1775,86.9
1776,96.8
1777,12.4
1778,73.6
1779,64.1
1780,22.8
1781,52.2
1782,55.7
1783,12.7
1784,10.4
1785,3.2
1786,63.4
1787,34.2
1788,69.6
1789,42.8
1790,50.4
1791,27.5
1792,23.1
1793,96.6
1794,84.8
1795,36.0
1796,85.3
1797,62.0
1798,27.8
1799,78.8
1800,25.2
1801,30.5
1802,81.8
1803,62.1
1804,97.0
1805,52.8
1806,73.5
1807,62.1
1808,65.7
1809,6.2
1810,81.8
1811,90.2
1812,37.5
1813,36.9
1814,8.5
1815,18.6
1816,23.3
1817,8.8
1818,51.0
1819,15.4
1820,94.4
1821,10.9
1822,34.9
1823,15.2
1824,4.2
1825,41.4
1826,89.7
1827,87.3
1828,58.1
1829,85.7
1830,13.9
1831,63.4
1832,48.7
1833,0.3
1834,77.3
1835,62.9
1836,8.8
1837,71.8
1838,48.5
1839,33.0
1840,11.6
1841,52.4
1842,50.1
1843,57.2
1844,84.7
1845,99.0
1846,4.6
1847,4.9
1848,58.4
1849,96.9
1850,6.1
1851,80.4
1852,66.8
1853,16.1
1854,75.5
1855,40.2
1856,20.3
1857,25.3
1858,97.1
1859,82.5
1860,26.5
1861,13.6
1862,49.2
1863,68.7
1864,34.8
1865,93.1
1866,18.1
1867,5.4
1868,10.6
1869,93.1
1870,63.9
1871,17.2
1872,12.2
1873,85.2
1874,50.1
1875,25.5
1876,98.3
1877,87.6
1878,95.2
1879,79.7
1880,94.3
1881,30.0
1882,76.7
1883,13.4
1884,99.2
1885,14.2
1886,28.8
1887,31.5
1888,32.3
1889,45.7
1890,73.9
1891,14.3
1892,88.9
1893,31.2
1894,12.3
1895,26.6
1896,60.3
1897,10.9
1898,56.3
1899,1.1
1900,50.4
1901,39.2
1902,22.4
1903,41.7
1904,54.5
1905,75.2
1906,22.3
1907,87.6
1908,69.8
1909,87.9
1910,41.4
1911,19.0
1912,43.9
1913,65.3
1914,54.4
1915,83.7
1916,41.1
1917,70.7
1918,32.5
1919,51.0
1920,77.1
1921,96.9
1922,80.9
1923,95.7
1924,87.9
1925,34.9
1926,65.6
1927,83.1
1928,52.7
1929,0.5
1930,30.4
1931,75.4
1932,60.9
1933,34.2
1934,29.3
1935,73.6
1936,68.5
1937,75.4
1938,41.1
1939,70.4
1940,16.8
1941,41.3
1942,86.4
1943,55.3
1944,91.1
1945,75.9
1946,35.9
1947,83.9
1948,10.1
1949,89.6
1950,86.3
1951,32.3
1952,34.8
1953,81.8
1954,92.2
1955,25.7
1956,47.1
1957,54.9
1958,18.5
1959,95.7
1960,81.3
1961,91.9
1962,55.9
1963,46.0
1964,37.4
1965,88.6
1966,11.8
1967,43.0
1968,16.5
1969,86.0
1970,35.4
1971,27.2
1972,89.4
1973,76.6
1974,88.5
1975,77.7
1976,93.2
1977,76.4
1978,35.5
1979,51.0
1980,76.9
1981,39.9
1982,56.2
1983,18.6
1984,33.8
1985,42.8
1986,23.4
1987,63.4
1988,19.4
1989,56.5
1990,40.8
1991,5.2
1992,93.3
1993,31.4
1994,35.1
1995,92.7
1996,35.2
1997,65.4
1998,3.3
1999,72.2
2000,7.5
2001,68.2
2002,0.9
2003,64.2
2004,68.2
2005,65.7
2006,89.0
2007,17.5
2008,36.3
2009,77.3
2010,81.3
2011,11.1
2012,38.0
2013,77.7
2014,63.0
2015,78.2
2016,17.9
2017,73.9
2018,12.4
2019,66.2
2020,24.9
2021,34.7
2022,66.1
2023,81.7
2024,38.0
2025,63.3
2026,48.6
2027,0.2
2028,97.0
2029,11.9
2030,1.4
2031,19.9
2032,73.9
2033,29.9
2034,95.3
2035,4.8
2036,93.3
2037,2.4
2038,86.4
2039,60.9
2040,98.8
2041,3.2
2042,73.2
2043,94.6
2044,87.1
2045,93.8
2046,85.4
2047,64.0
2048,6.9
2049,6.1
2050,20.2
2051,46.4
2052,55.4
2053,47.4
2054,9.8
2055,70.6
2056,4.5
2057,47.7
2058,82.8
2059,13.6
2060,78.9
2061,74.8
2062,17.1
2063,5.8
2064,48.4
2065,94.7
2066,63.1
2067,0.7
2068,86.7
2069,25.7
2070,67.5
2071,8.8
2072,37.4
2073,10.5
2074,54.3
2075,6.4
2076,55.9
2077,63.0
2078,69.9
2079,10.1
2080,70.8
2081,89.4
2082,34.7
2083,84.9
2084,7.5
2085,11.5
2086,70.3
2087,34.0
2088,71.4
2089,20.6
2090,72.2
2091,39.8
2092,75.2
2093,75.9
2094,5.4
2095,1.1
2096,31.0
2097,13.7
2098,35.3
2099,13.6
2100,5.3
2101,33.8
2102,71.0
2103,62.1
2104,97.9
2105,69.2
2106,17.3
2107,33.2
2108,73.8
2109,40.1
2110,4.2
2111,64.7
2112,89.8
2113,12.9
2114,68.8
2115,7.9
2116,64.4
2117,22.0
2118,99.2
2119,13.8
2120,67.5
2121,17.4
2122,62.3
2123,65.2
2124,86.0
2125,62.9
2126,34.1
2127,69.0
2128,44.4
2129,55.0
2130,30.0
2131,40.1
2132,63.8
2133,99.9
2134,40.9
2135,94.3
2136,28.0
2137,18.8
2138,95.3
2139,2.2
2140,92.0
2141,55.5
2142,75.1
2143,16.5
2144,88.0
2145,58.5
2146,40.9
2147,51.0
2148,64.2
2149,73.5
2150,81.3
2151,20.1
2152,9.4
2153,1.6
2154,55.7
2155,25.0
2156,89.0
2157,37.5
2158,77.3
2159,82.7
2160,26.8
2161,77.7
2162,51.4
2163,87.6
2164,25.4
2165,34.4
2166,62.5
2167,91.5
2168,40.7
2169,48.9
2170,27.2
2171,41.6
2172,85.5
2173,4.4
2174,8.7
2175,42.1
2176,18.9
2177,36.4
2178,35.3
2179,88.1
2180,26.5
2181,59.8
2182,58.0
2183,39.6
2184,51.5
2185,66.7
2186,14.5
2187,90.2
2188,1.1
2189,38.1
2190,70.5
2191,70.4
2192,79.7
2193,30.2
2194,38.7
2195,47.5
2196,2.7
2197,74.5
2198,53.7
2199,62.2
2200,99.4
2201,47.5
2202,67.1
2203,22.3
2204,91.8
2205,16.8
2206,25.5
2207,27.2
2208,69.9
2209,83.1
2210,63.4
2211,8.3
2212,22.8
2213,74.5
2214,1.7
2215,76.7
2216,12.8
2217,34.5
2218,56.4
2219,82.4
2220,77.1
2221,45.2
2222,31.7
2223,70.7
2224,3.6
2225,62.1
2226,26.3
2227,53.7
2228,39.6
2229,70.5
2230,34.4
2231,70.1
2232,88.8
2233,36.6
2234,47.1
2235,2.3
2236,25.8
2237,42.2
2238,33.5
2239,81.6
2240,23.9
2241,77.4
2242,13.9
2243,39.9
2244,33.6
2245,61.0
2246,40.9
2247,45.2
2248,58.7
2249,17.2
2250,2.5
2251,52.6
2252,42.7
2253,51.2
2254,81.6
2255,79.2
2256,58.1
2257,45.5
2258,32.6
2259,99.5
2260,58.2
2261,51.0
2262,59.7
2263,58.1
2264,23.5
2265,72.1
2266,38.1
2267,60.1
2268,13.4
2269,61.6
2270,45.1
2271,84.9
2272,98.8
2273,47.8
2274,22.3
2275,27.9
2276,95.8
2277,63.5
2278,71.4
2279,95.0
2280,62.6
2281,47.9
2282,99.9
2283,51.2
2284,84.3
2285,24.4
2286,36.8
2287,92.9
2288,33.4
2289,74.5
2290,40.4
2291,0.6
2292,73.8
2293,92.2
2294,26.7
2295,48.8
2296,2.1
2297,73.3
2298,96.1
2299,22.2
2300,79.6
2301,13.8
2302,73.2
2303,80.2
2304,60.0
2305,35.9
2306,70.4
2307,5.2
2308,84.8
2309,42.0
2310,16.2
2311,89.5
2312,24.6
2313,61.3
2314,22.5
2315,76.0
2316,60.0
2317,30.7
2318,29.8
2319,4.4
2320,79.8
2321,32.7
2322,20.5
2323,21.2
2324,31.3
2325,45.0
2326,10.4
2327,6.7
2328,17.2
2329,42.0
2330,32.8
2331,36.3
2332,93.5
2333,44.2
2334,92.7
2335,38.9
2336,91.3
2337,17.8
2338,35.1
2339,62.3
2340,9.2
2341,81.5
2342,91.0
2343,91.3
2344,28.8
2345,8.6
2346,65.0
2347,9.4
2348,39.7
2349,32.8
2350,89.0
2351,28.9
2352,77.8
2353,78.4
2354,80.6
2355,94.5
2356,68.3
2357,21.1
2358,2.4
2359,90.9
2360,63.7
2361,34.1
2362,53.6
2363,30.4
2364,92.8
2365,11.2
2366,87.0
2367,33.7
2368,19.7
2369,29.1
2370,46.8
2371,80.6
2372,73.0
2373,16.8
2374,66.6
2375,10.3
2376,41.5
2377,78.8
2378,10.9
2379,82.1
2380,28.6
2381,14.6
2382,70.5
2383,97.0
2384,4.0
2385,2.8
2386,8.0
2387,31.3
2388,85.6
2389,74.8
2390,45.4
2391,14.4
2392,77.5
2393,76.1
2394,30.2
2395,67.4
2396,66.3
2397,62.1
2398,88.3
2399,20.4
2400,17.9
2401,1.2
2402,36.5
2403,10.9
2404,17.6
2405,4.7
2406,80.2
2407,5.4
2408,11.5
2409,69.7
2410,97.1
2411,63.3
2412,60.8
2413,71.8
2414,77.3
2415,32.8
2416,39.4
2417,99.5
2418,30.0
2419,46.6
2420,61.5
2421,55.2
2422,90.7
2423,49.7
2424,77.1
2425,25.7
2426,15.1
2427,66.5
2428,59.2
2429,34.0
2430,29.6
2431,42.0
2432,2.3
2433,23.5
2434,47.8
2435,0.8
2436,16.7
2437,27.3
2438,70.1
2439,94.7
2440,28.4
2441,5.7
2442,47.3
2443,8.0
2444,89.8
2445,22.5
2446,23.0
2447,78.6
2448,16.0
2449,65.2
2450,17.0
2451,49.7
2452,36.6
2453,20.0
2454,80.6
2455,96.5
2456,25.6
2457,22.0
2458,43.4
2459,40.9
2460,11.5
2461,58.4
2462,12.9
2463,76.6
2464,35.1
2465,1.3
2466,33.2
2467,1.1
2468,89.7
2469,67.0
2470,24.0
2471,64.9
2472,86.2
2473,60.3
2474,75.6
2475,49.3
2476,37.5
2477,88.3
2478,38.0
2479,2.7
2480,79.4
2481,77.7
2482,40.1
2483,84.6
2484,77.9
2485,72.7
2486,39.4
2487,78.5
2488,79.5
2489,59.7
2490,35.6
2491,79.0
2492,25.1
2493,90.3
2494,52.0
2495,2.2
2496,4.4
2497,64.1
2498,28.2
2499,22.7
2500,31.7
2501,57.3
2502,8.5
2503,11.1
2504,36.7
2505,36.1
2506,64.3
2507,15.0
2508,67.2
2509,56.1
2510,22.4
2511,80.2
2512,23.6
2513,51.6
2514,9.6
2515,95.8
2516,94.6
2517,58.0
2518,4.0
2519,56.2
2520,67.6
2521,27.9
2522,98.7
2523,3.9
2524,52.7
2525,57.8
2526,66.5
2527,45.8
2528,72.9
2529,72.1
2530,81.4
2531,84.1
2532,71.4
2533,65.4
2534,95.4
2535,79.9
2536,31.7
2537,85.2
2538,92.3
2539,61.2
2540,77.2
2541,24.5
2542,46.9
2543,26.3
2544,43.8
2545,72.3
2546,65.8
2547,58.8
2548,31.9
2549,11.3
2550,56.6
2551,1.9
2552,31.3
2553,6.2
2554,99.4
2555,71.8
2556,59.9
2557,2.2
2558,11.8
2559,65.6
2560,68.7
2561,88.5
2562,13.1
2563,1.1
2564,20.1
2565,50.9
2566,11.2
2567,31.2
2568,84.4
2569,74.0
2570,51.8
2571,87.2
2572,11.6
2573,88.2
2574,35.4
2575,16.4
2576,66.9
2577,21.6
2578,83.4
2579,33.9
2580,72.1
2581,41.8
2582,6.1
2583,35.7
2584,86.6
2585,89.1
2586,81.6
2587,4.3
2588,87.4
2589,9.3
2590,40.7
2591,66.7
2592,49.9
2593,67.4
2594,28.8
2595,33.5
2596,57.8
2597,10.6
2598,95.9
2599,54.9
2600,27.5
2601,44.1
2602,88.4
2603,89.3
2604,63.5
2605,23.1
2606,99.2
2607,79.2
2608,96.2
2609,2.3
2610,55.7
2611,18.5
2612,64.2
2613,86.4
2614,20.2
2615,1.6
2616,46.6
2617,5.9
2618,12.3
2619,43.1
2620,90.2
2621,42.2
2622,26.8
2623,78.8
2624,44.4
2625,57.2
2626,83.4
2627,72.8
2628,61.1
2629,18.7
2630,35.5
2631,9.3
2632,65.5
2633,32.5
2634,98.2
2635,50.1
2636,34.9
2637,22.2
2638,60.4
2639,15.9
2640,52.2
2641,45.6
2642,57.3
2643,55.0
2644,94.4
2645,60.8
2646,71.4
2647,21.9
2648,28.6
2649,12.0
2650,59.6
2651,15.2
2652,31.2
2653,60.0
2654,53.0
2655,23.4
2656,50.1
2657,77.8
2658,36.8
2659,44.0
2660,83.8
2661,1.8
2662,65.8
2663,95.1
2664,25.6
2665,54.3
2666,61.7
2667,98.6
2668,44.1
2669,39.4
2670,59.0
2671,57.1
2672,98.8
2673,34.6
2674,26.6
2675,45.8
2676,85.9
2677,79.9
2678,18.5
2679,60.2
2680,45.4
2681,82.3
2682,96.3
2683,34.7
2684,28.9
2685,30.3
2686,74.4
2687,91.2
2688,97.2
2689,21.3
2690,25.0
2691,69.3
2692,24.7
2693,14.0
2694,13.3
2695,69.9
2696,43.1
2697,46.9
2698,30.6
2699,64.4
2700,46.7
2701,85.1
2702,58.1
2703,40.9
2704,71.0
2705,30.8
2706,97.2
2707,97.2
2708,95.6
2709,22.9
2710,92.2
2711,12.0
2712,43.8
2713,96.1
2714,67.2
2715,57.8
2716,56.4
2717,3.8
2718,28.9
2719,93.2
2720,88.7
2721,63.2
2722,1.9
2723,9.7
2724,75.7
2725,98.1
2726,58.2
2727,48.0
2728,94.0
2729,33.9
2730,45.7
2731,38.7
2732,78.7
2733,17.7
2734,1.1
2735,27.6
2736,45.7
2737,16.1
2738,4.2
2739,62.1
2740,42.8
2741,33.9
2742,47.4
2743,74.6
2744,63.2
2745,51.4
2746,90.9
2747,51.0
2748,26.6
2749,16.1
2750,58.0
2751,6.6
2752,62.6
2753,83.5
2754,32.6
2755,67.2
2756,20.4
2757,50.9
2758,38.5
2759,89.3
2760,65.0
2761,16.6
2762,72.8
2763,24.5
2764,36.9
2765,80.2
2766,58.9
2767,43.6
2768,0.9
2769,97.9
2770,3.2
2771,39.1
2772,66.5
2773,39.2
2774,90.5
2775,78.7
2776,58.5
2777,18.7
2778,49.9
2779,40.5
2780,48.6
2781,44.3
2782,86.1
2783,62.8
2784,34.8
2785,3.3
2786,15.5
2787,60.2
2788,96.2
2789,78.8
2790,98.8
2791,98.2
2792,64.1
2793,60.2
2794,61.2
2795,11.2
2796,93.1
2797,68.4
2798,69.5
2799,74.4
2800,65.5
2801,11.2
2802,30.2
2803,52.7
2804,76.1
2805,27.2
2806,68.2
2807,91.7
2808,34.5
2809,72.8
2810,57.2
2811,45.6
2812,32.3
2813,18.5
2814,44.7
2815,32.4
2816,9.3
2817,17.4
2818,73.2
2819,99.3
2820,52.4
2821,26.2
2822,92.0
2823,76.3
2824,95.1
2825,68.5
2826,81.1
2827,0.0
2828,21.2
2829,40.7
2830,52.7
2831,58.6
2832,2.1
2833,11.6
2834,62.0
2835,14.2
2836,49.1
2837,60.2
2838,17.9
2839,64.8
2840,3.6
2841,26.8
2842,85.5
2843,84.8
2844,94.0
2845,95.7
2846,45.8
2847,12.9
2848,69.7
2849,90.6
2850,95.6
2851,95.1
2852,86.8
2853,35.9
2854,30.4
2855,62.0
2856,0.2
2857,2.8
2858,28.0
2859,7.9
2860,9.9
2861,9.6
2862,75.9
2863,90.4
2864,26.1
2865,21.3
2866,52.4
2867,61.9
2868,41.1
2869,90.2
2870,87.7
2871,21.9
2872,46.7
2873,53.1
2874,14.0
2875,36.1
2876,52.4
2877,22.7
2878,33.2
2879,24.2
2880,53.4
2881,73.5
2882,82.6
2883,70.7
2884,29.5
2885,58.5
2886,23.9
2887,53.7
2888,34.4
2889,49.2
2890,75.0
2891,82.5
2892,31.4
2893,1.1
2894,92.6
2895,22.3
2896,14.5
2897,51.5
2898,57.2
2899,88.1
2900,82.9
2901,65.9
2902,69.4
2903,69.3
2904,32.7
2905,13.4
2906,11.2
2907,14.1
2908,9.7
2909,33.0
2910,37.3
2911,92.2
2912,30.7
2913,92.8
2914,27.8
2915,33.7
2916,92.1
2917,44.5
2918,41.4
2919,6.0
2920,51.8
2921,15.6
2922,89.5
2923,78.5
2924,8.8
2925,22.8
2926,20.2
2927,43.6
2928,42.7
2929,4.6
2930,80.8
2931,31.8
2932,58.0
2933,27.6
2934,65.4
2935,48.6
2936,43.1
2937,71.9
2938,36.7
2939,60.5
2940,21.9
2941,51.0
2942,53.5
2943,60.9
2944,77.8
2945,33.6
2946,73.8
2947,37.9
2948,68.4
2949,76.3
2950,38.8
2951,63.4
2952,60.1
2953,41.6
2954,30.8
2955,24.4
2956,24.3
2957,98.7
2958,35.2
2959,41.7
2960,52.6
2961,11.4
2962,71.4
2963,16.6
2964,22.3
2965,95.4
2966,89.0
2967,61.5
2968,16.0
2969,94.1
2970,18.4
2971,80.3
2972,22.1
2973,28.9
2974,41.4
2975,77.6
2976,5.6
2977,64.8
2978,96.6
2979,5.8
2980,55.4
2981,31.1
2982,63.7
2983,50.9
2984,56.9
2985,74.2
2986,51.3
2987,59.0
2988,21.1
2989,34.1
2990,22.3
2991,53.0
2992,95.5
2993,47.4
2994,78.1
2995,79.1
2996,13.8
2997,76.9
2998,73.8
2999,36.0
3000,8.9
3001,20.9
3002,97.9
3003,43.0
3004,65.6
3005,31.9
3006,99.9
3007,7.1
3008,26.6
3009,90.9
3010,42.6
3011,82.7
3012,75.0
3013,60.1
3014,83.6
3015,67.3
3016,71.2
3017,3.4
3018,68.9
3019,30.6
3020,31.1
3021,3.4
3022,99.4
3023,41.1
3024,71.8
3025,23.0
3026,42.4
3027,84.5
3028,33.2
3029,40.7
3030,63.6
3031,78.7
3032,73.3
3033,19.0
3034,56.8
3035,32.8
3036,0.6
3037,68.5
3038,81.2
3039,94.2
3040,66.6
3041,94.3
3042,23.6
3043,71.5
3044,0.0
3045,93.7
3046,17.5
3047,72.4
3048,10.3
3049,69.8
3050,26.8
3051,89.1
3052,52.8
3053,88.5
3054,23.7
3055,39.3
3056,37.2
3057,41.9
3058,27.0
3059,36.1
3060,46.9
3061,62.4
3062,36.6
3063,71.0
3064,35.1
3065,58.8
3066,63.7
3067,6.4
3068,91.1
3069,42.0
3070,8.5
3071,5.2
3072,68.8
3073,33.2
3074,6.3
3075,30.1
3076,70.2
3077,85.6
3078,59.9
3079,47.2
3080,34.2
3081,64.6
3082,33.5
3083,63.8
3084,68.0
3085,22.6
3086,14.5
3087,51.6
3088,13.7
3089,90.9
3090,94.3
3091,76.2
3092,42.8
3093,90.5
3094,72.2
3095,26.9
3096,64.7
3097,76.7
3098,22.9
3099,81.7
3100,59.6
3101,43.0
3102,60.8
3103,92.7
3104,3.3
3105,27.6
3106,82.2
3107,11.3
3108,11.2
3109,16.3
3110,87.7
3111,18.1
3112,40.2
3113,30.6
3114,67.4
3115,77.6
3116,61.0
3117,76.6
3118,30.9
3119,32.8
3120,63.0
3121,93.1
3122,41.9
3123,90.4
3124,96.0
3125,69.5
3126,21.1
3127,15.4
3128,20.8
3129,12.3
3130,76.3
3131,87.9
3132,41.3
3133,56.5
3134,62.4
3135,81.1
3136,88.6
3137,69.8
3138,95.0
3139,59.8
3140,24.6
3141,22.1
3142,3.6
3143,20.1
3144,60.7
3145,3.1
3146,26.1
3147,77.3
3148,67.8
3149,40.2
3150,60.6
3151,46.8
3152,79.8
3153,91.2
3154,11.9
3155,72.2
3156,58.5
3157,42.4
3158,23.3
3159,31.9
3160,40.9
3161,94.6
3162,99.1
3163,14.0
3164,72.1
3165,7.1
3166,2.0
3167,23.6
3168,26.7
3169,65.2
3170,84.3
3171,15.1
3172,64.0
3173,28.0
3174,74.0
3175,16.6
3176,62.9
3177,94.0
3178,98.7
3179,18.1
3180,84.9
3181,64.8
3182,96.6
3183,96.1
3184,40.8
3185,62.5
3186,47.4
3187,77.1
3188,69.9
3189,73.3
3190,10.1
3191,58.3
3192,31.3
3193,56.9
3194,80.2
3195,76.2
3196,75.7
3197,93.7
3198,18.3
3199,71.3
3200,61.2
3201,94.3
3202,57.8
3203,85.6
3204,23.3
3205,3.0
3206,93.9
3207,15.9
3208,70.8
3209,20.4
3210,18.6
3211,35.3
3212,61.2
3213,8.2
3214,91.5
3215,62.2
3216,92.1
3217,5.7
3218,60.3
3219,71.3
3220,87.1
3221,19.7
3222,93.9
3223,36.1
3224,43.2
3225,58.2
3226,76.6
3227,78.5
3228,68.4
3229,83.1
3230,19.3
3231,44.1
3232,32.3
3233,17.0
3234,7.4
3235,39.3
3236,61.0
3237,83.5
3238,92.1
3239,30.7
3240,8.2
3241,19.9
3242,47.9
3243,91.3
3244,33.7
3245,10.4
3246,67.5
3247,63.7
3248,95.8
3249,90.9
3250,61.6
3251,87.4
3252,60.1
3253,89.5
3254,30.7
3255,47.6
3256,13.8
3257,72.2
3258,93.9
3259,13.7
3260,76.1
3261,16.9
3262,68.4
3263,76.6
3264,67.4
3265,78.7
3266,25.5
3267,7.3
3268,92.4
3269,21.0
3270,43.8
3271,5.3
3272,97.4
3273,45.3
3274,23.4
3275,24.8
3276,36.6
3277,80.9
3278,85.8
3279,83.5
3280,37.2
3281,79.8
3282,76.7
3283,6.6
3284,51.0
3285,8.5
3286,32.2
3287,37.9
3288,22.8
3289,54.0
3290,13.6
3291,92.0
3292,25.9
3293,42.6
3294,71.1
3295,3.0
3296,49.4
3297,9.8
3298,81.5
3299,53.2
3300,59.1
3301,95.7
3302,35.9
3303,62.4
3304,71.0
3305,45.3
3306,98.4
3307,75.8
3308,67.8
3309,62.4
3310,92.8
3311,58.1
3312,77.1
3313,7.4
3314,48.7
3315,84.2
3316,67.1
3317,60.5
3318,10.8
3319,89.7
3320,56.7
3321,27.8
3322,47.2
3323,20.0
3324,57.0
3325,59.7
3326,78.5
3327,74.7
3328,26.1
3329,32.7
3330,25.4
3331,98.4
3332,2.8
3333,79.5
3334,70.9
3335,86.1
3336,15.7
3337,0.7
3338,89.3
3339,43.2
3340,18.4
3341,10.1
3342,41.0
3343,89.5
3344,77.7
3345,48.7
3346,44.6
3347,31.9
3348,34.8
3349,33.0
3350,8.6
3351,28.5
3352,41.6
3353,45.6
3354,82.2
3355,62.7
3356,45.9
3357,30.8
3358,12.7
3359,41.1
3360,20.3
3361,92.6
3362,63.8
3363,34.3
3364,21.4
3365,23.5
3366,60.1
3367,25.5
3368,67.4
3369,10.5
3370,25.1
3371,72.3
3372,91.4
3373,69.6
3374,47.4
3375,62.0
3376,0.8
3377,56.9
3378,66.3
3379,11.0
3380,62.7
3381,12.0
3382,5.6
3383,43.3
3384,69.6
3385,13.5
3386,21.9
3387,77.4
3388,98.4
3389,55.4
3390,26.4
3391,70.2
3392,43.8
3393,35.3
3394,22.0
3395,52.5
3396,43.1
3397,36.9
3398,44.7
3399,26.4
3400,87.6
3401,93.9
3402,76.2
3403,16.2
3404,93.2
3405,70.6
3406,16.9
3407,89.9
3408,94.5
3409,98.2
3410,5.4
3411,61.9
3412,71.5
3413,10.1
3414,64.0
3415,47.2
3416,63.9
3417,38.0
3418,48.0
3419,21.7
3420,56.6
3421,42.5
3422,18.8
3423,39.1
3424,2.9
3425,15.9
3426,69.8
3427,46.8
3428,20.4
3429,37.3
3430,72.9
3431,47.8
3432,62.6
3433,93.0
3434,19.7
3435,43.3
3436,95.0
3437,22.8
3438,83.2
3439,97.0
3440,39.2
3441,64.8
3442,76.0
3443,66.2
3444,5.2
3445,40.1
3446,47.0
3447,28.1
3448,85.0
3449,15.1
3450,73.2
3451,15.5
3452,96.6
3453,72.2
3454,36.3
3455,73.2
3456,74.4
3457,29.5
3458,14.1
3459,42.0
3460,64.0
3461,67.4
3462,85.2
3463,69.8
3464,46.8
3465,86.4
3466,34.5
3467,5.3
3468,91.2
3469,91.3
3470,80.5
3471,79.6
3472,24.9
3473,17.4
3474,43.1
3475,95.3
3476,26.6
3477,76.0
3478,44.6
3479,80.4
3480,56.4
3481,92.8
3482,88.4
3483,9.4
3484,18.4
3485,76.7
3486,64.8
3487,4.3
3488,63.1
3489,91.5
3490,57.6
3491,62.7
3492,77.9
3493,33.3
3494,60.0
3495,70.6
3496,24.8
3497,72.2
3498,36.3
3499,0.6
3500,11.3
3501,54.7
3502,98.1
3503,48.9
3504,61.7
3505,69.4
3506,71.9
3507,79.6
3508,26.9
3509,70.3
3510,15.6
3511,35.1
3512,29.4
3513,10.8
3514,79.6
3515,14.6
3516,80.2
3517,61.1
3518,88.4
3519,39.6
3520,73.7
3521,72.3
3522,23.4
3523,59.4
3524,46.0
3525,27.7
3526,41.1
3527,1.0
3528,51.0
3529,58.5
3530,62.5
3531,28.1
3532,71.0
3533,93.6
3534,15.7
3535,59.9
3536,76.1
3537,72.2
3538,79.6
3539,30.2
3540,84.2
3541,7.2
3542,10.3
3543,74.2
3544,62.6
3545,23.9
3546,57.6
3547,76.4
3548,44.7
3549,29.2
3550,86.6
3551,91.0
3552,99.8
3553,40.9
3554,90.7
3555,10.5
3556,36.2
3557,11.5
3558,89.0
3559,64.3
3560,91.4
3561,41.5
3562,3.2
3563,87.0
3564,58.8
3565,40.8
3566,78.5
3567,75.1
3568,96.6
3569,7.8
3570,19.3
3571,47.1
3572,88.4
3573,75.9
3574,99.2
3575,17.6
3576,31.6
3577,78.2
3578,77.4
3579,38.0
3580,12.9
3581,14.1
3582,93.2
3583,83.1
3584,52.4
3585,95.4
3586,63.1
3587,54.4
3588,33.1
3589,30.8
3590,79.2
3591,60.5
3592,78.5
3593,35.5
3594,71.4
3595,56.9
3596,88.2
3597,15.2
3598,19.3
3599,50.7
3600,16.5
3601,76.4
3602,86.1
3603,10.2
3604,91.0
3605,5.3
3606,19.6
3607,44.0
3608,84.2
3609,40.1
3610,27.2
3611,33.9
3612,33.7
3613,60.2
3614,7.8
3615,62.8
3616,97.1
3617,5.4
3618,78.5
3619,19.7
3620,27.6
3621,36.5
3622,90.2
3623,12.2
3624,47.8
3625,5.5
3626,3.5
3627,36.0
3628,8.9
3629,41.2
3630,35.8
3631,6.3
3632,29.9
3633,89.7
3634,3.6
3635,90.0
3636,37.0
3637,86.0
3638,48.6
3639,0.3
3640,25.6
3641,73.1
3642,77.7
3643,61.9
3644,66.6
3645,22.5
3646,7.1
3647,23.3
3648,1.9
3649,21.6
3650,64.1
3651,56.8
3652,91.1
3653,75.6
3654,85.5
3655,60.3
3656,29.7
3657,90.1
3658,91.6
3659,50.4
3660,73.2
3661,16.5
3662,84.6
3663,16.2
3664,5.9
3665,28.2
3666,0.4
3667,48.2
3668,81.3
3669,57.5
3670,88.2
3671,57.3
3672,47.5
3673,35.9
3674,40.4
3675,78.4
3676,25.0
3677,2.6
3678,86.0
3679,82.4
3680,48.8
3681,77.2
3682,37.1
3683,0.8
3684,43.3
3685,92.8
3686,17.7
3687,95.6
3688,38.8
3689,58.4
3690,24.2
3691,73.3
3692,33.7
3693,44.0
3694,52.8
3695,60.6
3696,54.7
3697,40.2
3698,1.7
3699,41.2
3700,18.4
3701,50.8
3702,27.3
3703,15.2
3704,18.3
3705,11.6
3706,73.6
3707,80.0
3708,57.8
3709,48.7
3710,2.7
3711,47.9
3712,56.0
3713,62.6
3714,42.7
3715,0.3
3716,33.8
3717,26.3
3718,41.1
3719,70.1
3720,98.6
3721,20.3
3722,7.7
3723,33.8
3724,8.7
3725,74.7
3726,70.9
3727,62.2
3728,49.6
3729,14.3
3730,9.9
3731,36.7
3732,42.6
3733,77.6
3734,9.5
3735,63.4
3736,57.4
3737,83.6
3738,66.8
3739,45.9
3740,85.2
3741,52.4
3742,51.3
3743,92.7
3744,26.0
3745,59.5
3746,24.6
3747,99.0
3748,51.5
3749,79.7
3750,64.1
3751,26.9
3752,25.3
3753,22.2
3754,13.7
3755,37.2
3756,93.5
3757,81.6
3758,34.1
3759,26.3
3760,47.2
3761,18.4
3762,55.7
3763,72.9
3764,99.1
3765,75.8
3766,29.3
3767,62.3
3768,34.6
3769,48.1
3770,97.4
3771,52.5
3772,36.3
3773,49.8
3774,24.7
3775,32.5
3776,78.7
3777,56.6
3778,53.8
3779,53.3
3780,90.1
3781,90.8
3782,38.1
3783,38.5
3784,18.2
3785,62.7
3786,79.6
3787,62.2
3788,42.0
3789,43.1
3790,16.0
3791,88.4
3792,53.3
3793,55.0
3794,61.9
3795,30.2
3796,32.2
3797,0.1
3798,95.0
3799,82.3
3800,65.4
3801,63.7
3802,5.6
3803,52.0
3804,65.0
3805,73.3
3806,6.7
3807,44.4
3808,39.4
3809,89.9
3810,99.9
3811,44.1
3812,45.0
3813,24.8
3814,14.8
3815,29.7
3816,92.6
3817,40.8
3818,85.1
3819,57.3
3820,9.6
3821,40.4
3822,41.6
3823,28.6
3824,55.5
3825,45.2
3826,81.6
3827,82.4
3828,59.6
3829,88.9
3830,15.9
3831,79.6
3832,70.1
3833,33.7
3834,14.3
3835,39.8
3836,88.2
3837,80.0
3838,13.3
3839,7.4
3840,56.4
3841,72.5
3842,35.9
3843,65.9
3844,25.8
3845,22.2
3846,41.8
3847,96.8
3848,0.8
3849,74.9
3850,25.3
3851,10.7
3852,4.9
3853,66.5
3854,85.8
3855,69.9
3856,20.9
3857,77.1
3858,31.7
3859,92.0
3860,94.2
3861,32.0
3862,27.4
3863,64.8
3864,96.4
3865,54.1
3866,49.1
3867,41.0
3868,38.8
3869,53.5
3870,28.9
3871,7.2
3872,54.1
3873,30.9
3874,85.3
3875,3.4
3876,49.5
3877,94.0
3878,17.9
3879,18.4
3880,8.4
3881,70.5
3882,39.9
3883,8.6
3884,93.6
3885,18.0
3886,24.9
3887,72.7
3888,42.6
3889,2.8
3890,70.4
3891,19.5
3892,6.6
3893,67.5
3894,33.3
3895,79.3
3896,7.3
3897,46.7
3898,88.8
3899,52.8
3900,24.0
3901,41.5
3902,43.2
3903,72.4
3904,20.4
3905,59.6
3906,68.2
3907,12.3
3908,96.2
3909,98.2
3910,96.5
3911,43.8
3912,96.1
3913,70.4
3914,23.9
3915,20.6
3916,85.9
3917,20.7
3918,1.0
3919,95.0
3920,28.3
3921,99.8
3922,47.5
3923,11.6
3924,44.5
3925,18.8
3926,71.2
3927,5.6
3928,14.3
3929,87.7
3930,66.9
3931,84.9
3932,23.4
3933,35.5
3934,11.3
3935,91.2
3936,32.8
3937,44.2
3938,12.4
3939,77.8
3940,19.8
3941,69.3
3942,14.9
3943,57.5
3944,53.1
3945,21.9
3946,56.9
3947,74.4
3948,6.5
3949,44.5
3950,44.3
3951,0.5
3952,57.2
3953,13.0
3954,74.1
3955,65.9
3956,1.9
3957,46.9
3958,21.7
3959,29.4
3960,29.2
3961,12.8
3962,35.5
3963,64.7
3964,66.9
3965,99.5
3966,83.2
3967,59.5
3968,68.5
3969,63.2
3970,23.4
3971,52.9
3972,84.8
3973,83.2
3974,70.3
3975,21.6
3976,80.7
3977,28.2
3978,51.6
3979,69.5
3980,42.9
3981,14.3
3982,64.9
3983,54.0
3984,88.2
3985,33.1
3986,94.9
3987,14.9
3988,44.9
3989,34.3
3990,76.1
3991,96.2
3992,8.5
3993,71.1
3994,92.4
3995,64.4
3996,4.2
3997,34.2
3998,68.7
3999,20.1
4000,62.7
4001,29.1
4002,44.1
4003,2.2
4004,67.5
4005,89.8
4006,25.8
4007,21.0
4008,84.2
4009,85.7
4010,12.2
4011,99.8
4012,16.2
4013,91.1
4014,68.4
4015,70.5
4016,13.4
4017,75.4
4018,34.6
4019,23.9
4020,94.3
4021,67.2
4022,50.4
4023,32.8
4024,51.6
4025,37.6
4026,66.2
4027,28.0
4028,15.1
4029,19.6
4030,1.8
4031,13.1
4032,41.3
4033,1.4
4034,15.7
4035,35.6
4036,44.4
4037,23.8
4038,72.6
4039,38.6
4040,47.0
4041,23.2
4042,29.3
4043,26.4
4044,42.5
4045,19.3
4046,67.0
4047,94.5
4048,54.0
4049,39.3
4050,19.2
4051,67.1
4052,28.9
4053,66.8
4054,82.9
4055,48.9
4056,37.8
4057,35.1
4058,58.5
4059,98.5
4060,94.7
4061,48.1
4062,83.0
4063,80.9
4064,99.3
4065,11.7
4066,91.5
4067,14.2
4068,85.5
4069,71.6
4070,49.5
4071,85.8
4072,96.6
4073,27.3
4074,6.0
4075,80.9
4076,35.3
4077,24.7
4078,6.0
4079,42.5
4080,1.3
4081,31.9
4082,14.1
4083,14.9
4084,48.0
4085,40.0
4086,56.8
4087,62.9
4088,26.5
4089,65.9
4090,71.8
4091,27.0
4092,2.9
4093,40.2
4094,5.1
4095,11.4
4096,42.6
4097,10.4
4098,27.4
4099,46.8
4100,40.9
4101,53.7
4102,54.5
4103,62.8
4104,66.8
4105,76.1
4106,44.2
4107,64.3
4108,21.6
4109,99.9
4110,91.5
4111,32.1
4112,46.3
4113,84.9
4114,81.0
4115,38.4
4116,33.0
4117,35.8
4118,0.5
4119,47.4
4120,45.6
4121,28.2
4122,51.1
4123,17.8
4124,23.4
4125,78.2
4126,29.1
4127,13.6
4128,73.4
4129,81.4
4130,97.0
4131,80.2
4132,69.3
4133,51.4
4134,47.2
4135,19.1
4136,86.7
4137,16.1
4138,37.2
4139,5.9
4140,14.6
4141,35.9
4142,1.4
4143,35.6
4144,72.0
4145,88.4
4146,46.9
4147,79.4
4148,60.2
4149,32.5
4150,12.3
4151,32.8
4152,90.1
4153,70.6
4154,0.2
4155,6.2
4156,69.7
4157,7.9
4158,42.7
4159,88.4
4160,70.5
4161,16.0
4162,44.1
4163,12.8
4164,22.1
4165,94.8
4166,56.2
4167,63.9
4168,23.1
4169,51.0
4170,26.4
4171,14.1
4172,48.3
4173,11.8
4174,76.8
4175,8.5
4176,96.8
4177,56.3
4178,89.1
4179,73.0
4180,81.2
4181,13.6
4182,81.6
4183,77.7
4184,44.7
4185,43.9
4186,0.0
4187,8.3
4188,20.4
4189,3.1
4190,27.0
4191,96.8
4192,17.5
4193,97.0
4194,52.1
4195,99.4
4196,82.2
4197,16.9
4198,88.0
4199,46.7
4200,15.4
4201,75.9
4202,85.4
4203,2.8
4204,47.3
4205,14.0
4206,81.5
4207,49.7
4208,67.4
4209,84.7
4210,25.6
4211,9.6
4212,72.6
4213,41.7
4214,94.0
4215,31.3
4216,69.9
4217,60.1
4218,54.1
4219,7.1
4220,96.5
4221,41.8
4222,23.2
4223,30.5
4224,50.6
4225,14.4
4226,67.2
4227,80.7
4228,39.9
4229,56.9
4230,87.7
4231,80.5
4232,90.2
4233,77.8
4234,86.6
4235,62.5
4236,98.3
4237,96.1
4238,1.5
4239,82.6
4240,70.6
4241,42.8
4242,72.8
4243,91.9
4244,32.4
4245,68.5
4246,6.7
4247,91.4
4248,40.2
4249,28.3
4250,27.9
4251,68.7
4252,37.9
4253,50.8
4254,53.2
4255,1.1
4256,1.3
4257,25.6
4258,38.8
4259,12.7
4260,67.8
4261,9.7
4262,30.0
4263,17.6
4264,45.7
4265,80.5
4266,25.4
4267,86.0
4268,54.0
4269,94.9
4270,75.5
4271,68.2
4272,23.4
4273,71.4
4274,73.0
4275,85.0
4276,32.5
4277,36.0
4278,74.9
4279,86.8
4280,0.1
4281,41.8
4282,70.1
4283,88.5
4284,12.8
4285,32.1
4286,3.2
4287,95.8
4288,82.9
4289,70.8
4290,76.7
4291,6.7
4292,68.3
4293,34.6
4294,24.0
4295,36.5
4296,25.7
4297,92.3
4298,3.8
4299,32.8
4300,13.6
4301,52.7
4302,25.5
4303,87.2
4304,32.6
4305,21.1
4306,8.0
4307,46.3
4308,16.8
4309,17.8
4310,11.3
4311,90.1
4312,25.7
4313,28.7
4314,78.7
4315,45.1
4316,9.6
4317,42.6
4318,79.4
4319,0.5
4320,69.1
4321,35.3
4322,81.8
4323,14.9
4324,75.4
4325,61.3
4326,95.0
4327,0.8
4328,56.5
4329,39.0
4330,57.3
4331,76.4
4332,11.7
4333,51.9
4334,12.1
4335,30.0
4336,71.3
4337,46.7
4338,85.4
4339,10.9
4340,86.5
4341,25.9
4342,87.7
4343,7.3
4344,59.2
4345,9.0
4346,30.2
4347,86.5
4348,38.8
4349,81.4
4350,8.8
4351,50.1
4352,1.5
4353,33.0
4354,21.1
4355,60.7
4356,24.3
4357,26.3
4358,55.6
4359,92.1
4360,42.3
4361,15.1
4362,18.9
4363,72.6
4364,16.5
4365,21.5
4366,25.5
4367,22.7
4368,2.1
4369,61.0
4370,81.0
4371,1.4
4372,47.8
4373,91.7
4374,40.0
4375,28.6
4376,25.1
4377,23.4
4378,79.3
4379,40.7
4380,0.1
4381,57.2
4382,49.6
4383,27.0
4384,68.8
4385,36.6
4386,27.1
4387,19.8
4388,8.2
4389,70.5
4390,47.2
4391,93.3
4392,27.9
4393,82.0
4394,55.7
4395,1.4
4396,38.1
4397,20.8
4398,26.8
4399,27.6
4400,94.0
4401,65.3
4402,21.3
4403,81.4
4404,58.1
4405,53.4
4406,0.9
4407,65.7
4408,24.2
4409,76.2
4410,8.4
4411,47.1
4412,17.5
4413,57.8
4414,65.2
4415,73.5
4416,15.5
4417,17.2
4418,31.7
4419,26.8
4420,43.2
4421,66.9
4422,45.7
4423,94.5
4424,40.8
4425,84.5
4426,53.2
4427,82.7
4428,53.1
4429,24.4
4430,18.0
4431,35.2
4432,70.1
4433,6.4
4434,92.1
4435,2.3
4436,21.9
4437,23.3
4438,85.0
4439,96.8
4440,64.3
4441,76.6
4442,18.1
4443,90.2
4444,98.6
4445,76.8
4446,1.8
4447,0.6
4448,47.8
4449,29.9
4450,30.6
4451,51.3
4452,20.3
4453,49.3
4454,45.0
4455,62.6
4456,46.8
4457,46.5
4458,59.0
4459,94.0
4460,69.3
4461,51.3
4462,51.8
4463,54.9
4464,90.6
4465,94.6
4466,16.1
4467,3.4
4468,31.2
4469,42.3
4470,7.7
4471,41.7
4472,95.7
4473,63.8
4474,24.1
4475,36.1
4476,13.9
4477,29.9
4478,8.0
4479,85.5
4480,0.5
4481,74.8
4482,40.3
4483,22.6
4484,10.8
4485,94.5
4486,42.6
4487,11.4
4488,53.9
4489,89.4
4490,82.0
4491,73.3
4492,74.8
4493,58.8
4494,0.9
4495,43.5
4496,9.0
4497,39.5
4498,73.5
4499,87.3
4500,87.3
4501,54.9
4502,62.8
4503,86.2
4504,59.8
4505,95.0
4506,90.7
4507,59.1
4508,68.9
4509,4.8
4510,95.2
4511,63.0
4512,94.5
4513,66.2
4514,38.8
4515,56.9
4516,74.3
4517,67.1
4518,86.5
4519,12.9
4520,90.8
4521,76.5
4522,97.6
4523,94.3
4524,72.0
4525,56.0
4526,9.8
4527,11.1
4528,7.6
4529,86.9
4530,90.4
4531,77.0
4532,36.5
4533,55.1
4534,38.1
4535,12.3
4536,19.6
4537,55.6
4538,26.5
4539,60.0
4540,40.7
4541,13.9
4542,94.5
4543,76.2
4544,21.1
4545,44.7
4546,59.8
4547,61.7
4548,7.6
4549,65.5
4550,57.4
4551,54.2
4552,86.7
4553,20.4
4554,31.7
4555,62.2
4556,81.0
4557,42.3
4558,14.9
4559,17.2
4560,8.2
4561,12.9
4562,14.6
4563,36.7
4564,39.2
4565,35.9
4566,47.3
4567,25.7
4568,9.4
4569,68.5
4570,51.7
4571,62.9
4572,23.4
4573,32.5
4574,28.2
4575,77.8
4576,42.6
4577,33.2
4578,58.9
4579,59.0
4580,19.0
4581,14.9
4582,57.5
4583,9.6
4584,40.4
4585,57.8
4586,25.8
4587,7.1
4588,24.1
4589,32.4
4590,90.4
4591,49.3
4592,49.1
4593,43.7
4594,71.0
4595,51.7
4596,81.2
4597,92.1
4598,99.8
4599,3.9
4600,14.4
4601,45.9
4602,41.1
4603,50.3
4604,99.1
4605,73.2
4606,9.1
4607,99.4
4608,60.2
4609,33.6
4610,62.5
4611,93.0
4612,38.6
4613,31.9
4614,13.0
4615,34.1
4616,30.3
4617,99.0
4618,66.5
4619,0.3
4620,47.5
4621,97.1
4622,58.0
4623,4.7
4624,77.5
4625,38.1
4626,63.2
4627,51.0
4628,14.6
4629,79.9
4630,58.1
4631,89.0
4632,26.0
4633,83.6
4634,61.4
4635,41.3
4636,54.1
4637,82.9
4638,13.5
4639,70.8
4640,95.8
4641,56.7
4642,58.3
4643,0.6
4644,15.3
4645,91.4
4646,29.4
4647,78.7
4648,26.0
4649,97.9
4650,35.5
4651,99.5
4652,66.9
4653,8.6
4654,39.5
4655,49.5
4656,96.7
4657,25.6
4658,79.0
4659,15.3
4660,36.6
4661,73.4
4662,21.4
4663,20.6
4664,50.7
4665,38.6
4666,72.3
4667,36.0
4668,20.7
4669,21.0
4670,52.6
4671,57.5
4672,41.6
4673,24.0
4674,12.8
4675,23.6
4676,51.0
4677,27.4
4678,12.4
4679,87.5
4680,7.3
4681,4.3
4682,35.9
4683,19.8
4684,77.8
4685,31.6
4686,50.8
4687,77.9
4688,64.0
4689,15.2
4690,58.2
4691,79.8
4692,4.1
4693,51.1
4694,53.2
4695,88.7
4696,98.1
4697,89.1
4698,9.5
4699,78.1
4700,79.1
4701,9.3
4702,64.2
4703,87.4
4704,82.4
4705,28.4
4706,84.8
4707,87.0
4708,74.1
4709,28.6
4710,25.2
4711,34.6
4712,40.9
4713,89.8
4714,44.9
4715,97.7
4716,23.0
4717,45.7
4718,72.0
4719,98.5
4720,12.8
4721,99.5
4722,4.9
4723,76.2
4724,53.7
4725,5.4
4726,56.6
4727,7.3
4728,31.9
4729,5.9
4730,78.4
4731,47.0
4732,43.2
4733,78.4
4734,10.9
4735,30.5
4736,94.3
4737,38.4
4738,86.2
4739,99.1
4740,46.3
4741,91.9
4742,58.7
4743,53.2
4744,60.7
4745,95.6
4746,33.3
4747,26.8
4748,28.2
4749,75.3
4750,92.5
4751,65.5
4752,92.5
4753,38.9
4754,91.3
4755,64.6
4756,39.4
4757,31.5
4758,47.3
4759,96.3
4760,67.6
4761,66.7
4762,45.1
4763,76.6
4764,58.2
4765,61.3
4766,21.2
4767,95.2
4768,19.9
4769,3.3
4770,51.0
4771,9.0
4772,28.6
4773,99.6
4774,87.4
4775,39.0
4776,98.7
4777,26.7
4778,81.5
4779,26.2
4780,99.6
4781,50.1
4782,42.7
4783,56.4
4784,11.3
4785,2.8
4786,63.1
4787,2.5
4788,15.4
4789,51.9
4790,59.5
4791,38.6
4792,19.7
4793,55.8
4794,61.5
4795,58.4
4796,76.8
4797,41.5
4798,72.5
4799,34.9
4800,23.1
4801,7.4
4802,51.2
4803,67.9
4804,51.7
4805,0.4
4806,76.2
4807,60.5
4808,40.8
4809,83.5
4810,21.9
4811,76.0
4812,47.4
4813,23.9
4814,14.9
4815,90.9
4816,44.2
4817,53.8
4818,11.3
4819,72.4
4820,85.4
4821,36.5
4822,39.2
4823,98.8
4824,93.8
4825,11.2
4826,52.7
4827,25.6
4828,71.7
4829,13.4
4830,14.8
4831,83.2
4832,1.2
4833,32.0
4834,43.9
4835,52.0
4836,77.3
4837,74.8
4838,34.1
4839,6.9
4840,60.8
4841,45.2
4842,78.4
4843,57.9
4844,93.6
4845,13.1
4846,60.3
4847,43.9
4848,40.2
4849,91.2
4850,24.5
4851,95.5
4852,17.7
4853,21.9
4854,60.1
4855,75.3
4856,28.2
4857,90.6
4858,79.1
4859,83.3
4860,18.5
4861,34.4
4862,87.0
4863,47.0
4864,91.2
4865,91.5
4866,98.6
4867,11.8
4868,93.4
4869,10.4
4870,71.1
4871,92.2
4872,58.2
4873,60.1
4874,72.3
4875,42.3
4876,48.8
4877,75.4
4878,78.3
4879,47.1
4880,61.1
4881,3.8
4882,1.3
4883,59.3
4884,93.1
4885,85.0
4886,23.4
4887,14.4
4888,66.0
4889,82.0
4890,70.1
4891,47.9
4892,33.3
4893,31.6
4894,58.3
4895,37.7
4896,56.1
4897,13.7
4898,37.9
4899,77.7
4900,30.9
4901,77.7
4902,58.5
4903,96.2
4904,95.5
4905,42.0
4906,24.6
4907,33.6
4908,37.1
4909,6.8
4910,47.5
4911,22.1
4912,43.5
4913,79.0
4914,99.9
4915,73.2
4916,22.4
4917,25.4
4918,82.4
4919,35.8
4920,39.3
4921,45.5
4922,25.5
4923,16.3
4924,65.6
4925,57.4
4926,69.2
4927,36.3
4928,7.7
4929,51.9
4930,41.6
4931,81.9
4932,93.9
4933,46.9
4934,98.8
4935,29.3
4936,9.0
4937,28.7
4938,77.2
4939,29.7
4940,18.1
4941,81.3
4942,19.0
4943,65.4
4944,83.0
4945,44.1
4946,30.3
4947,73.0
4948,89.1
4949,66.0
4950,97.3
4951,63.0
4952,26.3
4953,13.0
4954,71.9
4955,41.2
4956,38.3
4957,78.0
4958,25.3
4959,7.7
4960,89.4
4961,99.4
4962,45.0
4963,49.8
4964,85.9
4965,80.5
4966,82.0
4967,37.9
4968,24.0
4969,39.5
4970,91.4
4971,46.6
4972,3.8
4973,68.9
4974,40.0
4975,75.1
4976,5.4
4977,57.5
4978,72.0
4979,23.2
4980,40.9
4981,18.1
4982,9.6
4983,77.0
4984,24.2
4985,23.1
4986,85.2
4987,30.9
4988,18.5
4989,66.9
4990,97.2
4991,56.3
4992,3.0
4993,64.2
4994,57.9
4995,12.6
4996,67.2
4997,87.9
4998,96.0
4999,30.5
5000,69.0
5001,61.5
5002,25.2
5003,71.2
5004,9.4
5005,12.7
5006,95.0
5007,84.6
5008,76.0
5009,23.2
5010,43.0
5011,73.2
5012,48.2
5013,42.1
5014,90.1
5015,11.3
5016,6.6
5017,11.7
5018,66.9
5019,75.7
5020,58.0
5021,7.8
5022,71.0
5023,0.9
5024,71.1
5025,89.6
5026,52.6
5027,29.8
5028,98.6
5029,30.9
5030,19.2
5031,0.8
5032,55.1
5033,25.5
5034,71.6
5035,81.6
5036,51.9
5037,89.8
5038,52.3
5039,94.6
5040,98.3
5041,88.4
5042,36.5
5043,40.0
5044,32.0
5045,35.6
5046,14.1
5047,0.9
5048,18.7
5049,20.8
5050,59.0
5051,78.0
5052,99.9
5053,30.2
5054,80.5
5055,66.9
5056,22.9
5057,9.6
5058,68.6
5059,48.2
5060,10.0
5061,34.6
5062,52.6
5063,51.0
5064,56.4
5065,10.7
5066,65.3
5067,43.6
5068,48.5
5069,97.0
5070,70.3
5071,46.0
5072,3.7
5073,48.1
5074,36.1
5075,90.8
5076,85.7
5077,83.5
5078,97.6
5079,61.5
5080,64.8
5081,51.3
5082,3.6
5083,67.9
5084,64.0
5085,87.4
5086,30.9
5087,90.5
5088,50.9
5089,22.5
5090,83.2
5091,1.4
5092,13.3
5093,26.1
5094,22.7
5095,86.6
5096,38.3
5097,1.5
5098,0.4
5099,52.9
5100,12.9
5101,79.6
5102,92.7
5103,15.3
5104,27.2
5105,9.0
5106,37.2
5107,30.8
5108,61.6
5109,92.1
5110,29.7
5111,53.6
5112,90.2
5113,30.8
5114,63.3
5115,28.7
5116,82.0
5117,8.2
5118,63.2
5119,90.8
5120,73.3
5121,82.1
5122,79.2
5123,36.3
5124,9.0
5125,84.8
5126,43.3
5127,36.0
5128,63.1
5129,75.6
5130,74.7
5131,36.9
5132,21.2
5133,38.9
5134,76.8
5135,20.2
5136,92.1
5137,23.6
5138,45.2
5139,65.7
5140,7.7
5141,31.9
5142,83.6
5143,78.6
5144,50.1
5145,80.4
5146,9.2
5147,35.5
5148,29.5
5149,82.5
5150,14.6
5151,45.1
5152,22.7
5153,83.9
5154,42.0
5155,63.6
5156,21.7
5157,71.1
5158,88.5
5159,90.1
5160,47.0
5161,78.5
5162,74.7
5163,97.9
5164,61.6
5165,49.0
5166,49.5
5167,3.2
5168,46.7
5169,77.3
5170,92.8
5171,64.4
5172,79.4
5173,90.6
5174,80.8
5175,1.1
5176,1.9
5177,53.5
5178,15.0
5179,34.1
5180,63.7
5181,29.2
5182,72.0
5183,28.6
5184,29.1
5185,77.8
5186,69.2
5187,25.2
5188,0.1
5189,46.1
5190,71.7
5191,97.1
5192,95.6
5193,8.6
5194,25.3
5195,44.5
5196,80.6
5197,31.3
5198,67.2
5199,34.9
5200,37.5
5201,9.3
5202,59.8
5203,50.1
5204,37.4
5205,36.3
5206,23.2
5207,22.3
5208,77.1
5209,55.5
5210,48.8
5211,26.2
5212,39.5
5213,35.2
5214,73.5
5215,26.4
5216,62.6
5217,69.1
5218,0.8
5219,14.8
5220,22.7
5221,93.2
5222,97.9
5223,49.7
5224,83.9
5225,95.7
5226,54.4
5227,97.8
5228,40.2
5229,46.2
5230,54.5
5231,51.3
5232,4.8
5233,28.4
5234,95.3
5235,91.0
5236,0.2
5237,37.6
5238,55.1
5239,97.1
5240,38.0
5241,36.6
5242,30.6
5243,4.4
5244,62.8
5245,13.4
5246,0.0
5247,52.3
5248,7.6
5249,45.8
5250,47.3
5251,35.4
5252,33.2
5253,34.6
5254,98.8
5255,8.4
5256,69.6
5257,6.6
5258,21.3
5259,6.6
5260,76.2
5261,83.6
5262,69.8
5263,40.5
5264,40.2
5265,92.3
5266,44.7
5267,12.7
5268,86.8
5269,34.8
5270,59.4
5271,24.7
5272,36.7
5273,5.1
5274,4.9
5275,60.9
5276,29.1
5277,4.3
5278,21.7
5279,19.1
5280,71.6
5281,64.2
5282,37.4
5283,70.2
5284,98.8
5285,23.9
5286,52.6
5287,95.8
5288,2.6
5289,83.4
5290,70.8
5291,45.7
5292,1.4
5293,35.4
5294,37.0
5295,16.0
5296,10.4
5297,90.2
5298,16.4
5299,83.7
5300,42.1
5301,13.2
5302,39.3
5303,50.7
5304,77.3
5305,16.2
5306,40.7
5307,24.1
5308,18.3
5309,61.6
5310,64.3
5311,22.6
5312,8.6
5313,41.6
5314,31.6
5315,76.9
5316,94.5
5317,52.7
5318,44.9
5319,48.2
5320,77.1
5321,64.7
5322,33.7
5323,80.9
5324,7.9
5325,80.2
5326,78.2
5327,13.4
5328,3.9
5329,36.5
5330,84.7
5331,98.2
5332,90.3
5333,92.1
5334,29.9
5335,69.6
5336,96.8
5337,7.7
5338,82.0
5339,89.9
5340,89.2
5341,39.8
5342,99.0
5343,13.7
5344,11.5
5345,26.0
5346,26.3
5347,12.0
5348,36.9
5349,97.8
5350,40.5
5351,94.7
5352,62.4
5353,45.9
5354,53.2
5355,3.0
5356,41.4
5357,94.1
5358,42.1
5359,10.9
5360,43.1
5361,20.8
5362,18.2
5363,77.5
5364,24.2
5365,23.1
5366,27.3
5367,45.4
5368,66.5
5369,29.8
5370,7.4
5371,47.7
5372,56.5
5373,46.7
5374,37.5
5375,81.2
5376,82.1
5377,88.3
5378,29.3
5379,65.7
5380,29.1
5381,15.1
5382,35.3
5383,74.5
5384,30.9
5385,70.4
5386,48.7
5387,59.4
5388,69.5
5389,90.0
5390,0.9
5391,33.8
5392,97.7
5393,12.9
5394,29.8
5395,74.2
5396,19.6
5397,48.5
5398,35.6
5399,43.4
5400,10.3
5401,36.5
5402,38.4
5403,81.4
5404,80.2
5405,77.6
5406,42.5
5407,66.6
5408,11.9
5409,3.9
5410,39.4
5411,76.1
5412,2.7
5413,36.1
5414,65.8
5415,71.6
5416,43.8
5417,67.3
5418,47.0
5419,35.0
5420,38.9
5421,18.1
5422,57.1
5423,88.3
5424,34.7
5425,9.5
5426,98.9
5427,47.3
5428,84.5
5429,47.8
5430,57.9
5431,21.5
5432,46.7
5433,63.5
5434,21.2
5435,8.8
5436,19.4
5437,30.1
5438,23.5
5439,87.6
5440,61.1
5441,27.5
5442,0.9
5443,57.1
5444,56.2
5445,76.1
5446,81.9
5447,83.3
5448,13.8
5449,60.8
5450,76.8
5451,87.7
5452,53.3
5453,96.5
5454,44.0
5455,44.7
5456,39.4
5457,59.0
5458,51.5
5459,86.1
5460,48.0
5461,97.3
5462,69.2
5463,37.7
5464,92.7
5465,48.6
5466,70.8
5467,69.1
5468,63.1
5469,6.3
5470,44.1
5471,78.8
5472,49.6
5473,47.2
5474,89.1
5475,84.2
5476,66.2
5477,55.6
5478,4.1
5479,22.4
5480,99.5
5481,39.4
5482,41.8
5483,73.3
5484,48.1
5485,12.2
5486,53.1
5487,83.2
5488,45.9
5489,97.3
5490,99.7
5491,49.3
5492,81.8
5493,76.4
5494,97.1
5495,27.7
5496,94.8
5497,15.7
5498,69.5
5499,99.2
5500,73.2
5501,11.9
5502,33.0
5503,88.7
5504,76.9
5505,45.5
5506,67.9
5507,12.7
5508,5.9
5509,91.4
5510,60.4
5511,30.3
5512,79.2
5513,81.8
5514,7.7
5515,52.2
5516,40.0
5517,1.5
5518,98.4
5519,65.6
5520,94.8
5521,90.2
5522,18.5
5523,21.9
5524,14.4
5525,86.6
5526,52.2
5527,77.6
5528,89.8
5529,91.9
5530,57.8
5531,74.9
5532,42.0
5533,0.7
5534,79.5
5535,55.9
5536,75.8
5537,4.1
5538,70.4
5539,7.2
5540,69.2
5541,23.9
5542,93.4
5543,3.0
5544,42.2
5545,33.7
5546,63.7
5547,85.8
5548,92.8
5549,46.5
5550,80.7
5551,84.6
5552,24.4
5553,98.4
5554,25.0
5555,16.0
5556,80.8
5557,14.4
5558,49.6
5559,60.0
5560,63.3
5561,38.0
5562,35.9
5563,88.3
5564,78.9
5565,25.6
5566,94.8
5567,68.9
5568,15.9
5569,0.9
5570,91.3
5571,48.4
5572,73.6
5573,57.8
5574,52.2
5575,80.0
5576,13.1
5577,19.0
5578,18.2
5579,3.5
5580,30.9
5581,16.4
5582,46.9
5583,26.9
5584,92.3
5585,69.8
5586,36.5
5587,55.3
5588,18.2
5589,86.1
5590,84.0
5591,71.1
5592,83.9
5593,11.2
5594,93.4
5595,41.7
5596,17.3
5597,53.2
5598,62.5
5599,1.9
5600,4.5
5601,74.3
5602,26.9
5603,30.4
5604,47.3
5605,84.4
5606,74.0
5607,60.3
5608,90.1
5609,80.7
5610,82.6
5611,49.2
5612,80.5
5613,8.7
5614,41.2
5615,68.3
5616,38.7
5617,39.3
5618,73.2
5619,14.8
5620,4.3
5621,91.3
5622,46.3
5623,57.4
5624,12.1
5625,33.7
5626,78.5
5627,34.2
5628,51.7
5629,79.3
5630,36.1
5631,18.8
5632,24.8
5633,96.3
5634,27.6
5635,78.2
5636,12.9
5637,52.2
5638,86.5
5639,47.8
5640,80.9
5641,48.3
5642,32.2
5643,1.0
5644,33.0
5645,94.2
5646,97.0
5647,27.2
5648,25.9
5649,38.2
5650,10.9
5651,70.4
5652,75.6
5653,80.6
5654,10.2
5655,7.1
5656,17.3
5657,42.3
5658,89.2
5659,45.6
5660,52.9
5661,15.0
5662,82.4
5663,71.8
5664,54.6
5665,49.5
5666,93.9
5667,21.8
5668,19.6
5669,93.7
5670,1.8
5671,69.0
5672,66.8
5673,1.1
5674,47.1
5675,78.6
5676,94.7
5677,32.3
5678,28.3
5679,54.3
5680,58.1
5681,95.3
5682,11.8
5683,95.4
5684,83.4
5685,23.4
5686,78.7
5687,45.6
5688,46.3
5689,23.3
5690,1.5
5691,57.7
5692,67.7
5693,67.8
5694,54.5
5695,81.2
5696,39.9
5697,62.4
5698,23.3
5699,93.3
5700,5.8
5701,24.1
5702,75.2
5703,72.5
5704,27.1
5705,9.5
5706,36.6
5707,47.2
5708,28.7
5709,47.3
5710,41.1
5711,6.2
5712,46.3
5713,47.6
5714,46.0
5715,16.6
5716,44.2
5717,15.7
5718,78.9
5719,9.6
5720,50.8
5721,80.8
5722,90.8
5723,62.2
5724,92.4
5725,22.9
5726,34.0
5727,39.5
5728,0.1
5729,16.2
5730,87.6
5731,56.3
5732,56.9
5733,85.3
5734,49.4
5735,42.3
5736,82.2
5737,59.4
5738,58.2
5739,2.4
5740,41.8
5741,42.0
5742,6.6
5743,72.7
5744,14.4
5745,59.8
5746,52.4
5747,61.5
5748,97.2
5749,4.4
5750,80.7
5751,1.8
5752,29.0
5753,36.8
5754,5.7
5755,58.9
5756,14.4
5757,85.8
5758,6.5
5759,56.9
5760,0.6
5761,18.6
5762,17.4
5763,19.2
5764,51.2
5765,25.0
5766,92.5
5767,67.7
5768,1.7
5769,99.5
5770,56.9
5771,92.9
5772,41.5
5773,32.8
5774,66.3
5775,44.3
5776,62.6
5777,66.4
5778,38.3
5779,14.7
5780,16.0
5781,82.4
5782,5.0
5783,81.5
5784,59.0
5785,76.4
5786,36.6
5787,7.0
5788,41.7
5789,82.5
5790,50.9
5791,6.5
5792,14.0
5793,2.5
5794,3.0
5795,98.8
5796,28.1
5797,88.1
5798,19.1
5799,86.7
5800,95.0
5801,91.3
5802,77.4
5803,37.8
5804,31.4
5805,76.1
5806,25.2
5807,23.9
5808,6.9
5809,11.5
5810,54.8
5811,21.7
5812,63.3
5813,14.3
5814,51.0
5815,18.3
5816,31.3
5817,20.8
5818,44.1
5819,17.3
5820,20.8
5821,63.4
5822,38.9
5823,93.6
5824,23.8
5825,20.2
5826,40.4
5827,95.8
5828,63.6
5829,85.0
5830,21.6
5831,50.3
5832,23.9
5833,16.3
5834,51.2
5835,56.3
5836,81.1
5837,73.4
5838,74.2
5839,54.4
5840,99.0
5841,74.9
5842,51.1
5843,48.6
5844,85.9
5845,8.7
5846,8.4
5847,96.7
5848,3.5
5849,94.5
5850,54.2
5851,80.2
5852,19.6
5853,99.7
5854,33.1
5855,96.6
5856,22.7
5857,17.5
5858,85.6
5859,69.2
5860,8.2
5861,54.0
5862,65.6
5863,0.2
5864,44.7
5865,4.5
5866,88.0
5867,91.3
5868,85.6
5869,36.4
5870,72.2
5871,59.8
5872,86.0
5873,1.7
5874,31.9
5875,0.8
5876,54.3
5877,62.7
5878,8.4
5879,67.7
5880,96.0
5881,29.8
5882,8.6
5883,67.3
5884,57.1
5885,81.1
5886,57.0
5887,17.7
5888,48.7
5889,41.3
5890,73.6
5891,94.2
5892,80.9
5893,96.6
5894,61.0
5895,87.3
5896,26.6
5897,36.3
5898,41.2
5899,90.0
5900,34.6
5901,65.9
5902,66.3
5903,59.6
5904,74.0
5905,6.8
5906,41.2
5907,41.2
5908,88.6
5909,2.9
5910,94.5
5911,87.0
5912,87.0
5913,55.4
5914,92.3
5915,34.2
5916,56.9
5917,48.9
5918,92.8
5919,67.9
5920,54.6
5921,96.4
5922,27.2
5923,13.5
5924,85.5
5925,79.3
5926,53.2
5927,81.2
5928,41.7
5929,57.1
5930,7.0
5931,28.0
5932,29.6
5933,49.3
5934,33.4
5935,47.7
5936,66.3
5937,42.9
5938,8.5
5939,3.2
5940,87.2
5941,28.7
5942,70.7
5943,82.6
5944,62.0
5945,23.9
5946,84.9
5947,48.4
5948,61.2
5949,98.0
5950,88.1
5951,74.2
5952,55.6
5953,28.8
5954,5.4
5955,90.3
5956,15.5
5957,95.4
5958,85.1
5959,74.8
5960,45.7
5961,60.1
5962,36.8
5963,68.8
5964,78.3
5965,68.8
5966,98.7
5967,24.4
5968,44.2
5969,83.0
5970,23.8
5971,54.2
5972,75.8
5973,84.3
5974,60.8
5975,73.9
5976,77.3
5977,21.3
5978,62.2
5979,31.5
5980,80.9
5981,78.5
5982,35.0
5983,33.1
5984,37.3
5985,44.4
5986,56.3
5987,49.8
5988,84.5
5989,82.1
5990,72.2
5991,92.2
5992,97.1
5993,53.1
5994,57.5
5995,98.2
5996,71.9
5997,7.9
5998,33.2
5999,33.9
6000,77.9
6001,85.8
6002,52.4
6003,37.0
6004,72.7
6005,78.5
6006,9.9
6007,41.7
6008,71.7
6009,31.5
6010,37.6
6011,64.4
6012,34.9
6013,59.4
6014,22.8
6015,55.6
6016,67.9
6017,76.1
6018,54.5
6019,29.5
6020,74.4
6021,37.9
6022,57.0
6023,59.6
6024,78.0
6025,46.7
6026,80.7
6027,83.0
6028,5.4
6029,18.6
6030,90.2
6031,12.1
6032,37.3
6033,36.7
6034,68.4
6035,97.9
6036,46.2
6037,49.6
6038,59.0
6039,89.3
6040,67.5
6041,53.5
6042,30.0
6043,89.1
6044,37.7
6045,35.9
6046,2.7
6047,14.9
6048,31.0
6049,33.1
6050,74.3
6051,64.9
6052,39.1
6053,78.9
6054,97.7
6055,51.7
6056,0.3
6057,29.7
6058,60.5
6059,2.6
6060,87.6
6061,70.9
6062,75.3
6063,50.5
6064,48.4
6065,69.7
6066,22.1
6067,64.4
6068,5.1
6069,78.6
6070,38.2
6071,57.6
6072,22.1
6073,49.0
6074,99.3
6075,56.6
6076,67.6
6077,29.5
6078,35.7
6079,75.2
6080,21.5
6081,71.0
6082,2.0
6083,56.0
6084,12.2
6085,76.4
6086,76.2
6087,61.4
6088,26.4
6089,91.7
6090,69.3
6091,8.3
6092,0.1
6093,68.0
6094,23.2
6095,70.2
6096,16.2
6097,17.7
6098,85.8
6099,34.3
6100,17.1
6101,52.9
6102,22.8
6103,52.5
6104,76.0
6105,88.8
6106,53.2
6107,87.7
6108,86.5
6109,70.6
6110,60.2
6111,83.8
6112,94.1
6113,23.7
6114,17.4
6115,3.4
6116,84.5
6117,22.4
6118,64.9
6119,58.3
6120,41.1
6121,40.2
6122,35.7
6123,73.7
6124,86.9
6125,30.2
6126,94.0
6127,25.6
6128,24.3
6129,24.7
6130,14.4
6131,29.4
6132,90.0
6133,29.5
6134,6.1
6135,46.1
6136,12.4
6137,44.4
6138,48.2
6139,51.9
6140,33.1
6141,93.6
6142,76.6
6143,62.0
6144,26.5
6145,96.9
6146,49.9
6147,87.4
6148,45.4
6149,97.5
6150,87.4
6151,58.5
6152,95.8
6153,35.0
6154,81.4
6155,66.4
6156,45.5
6157,63.9
6158,6.3
6159,34.3
6160,51.1
6161,13.2
6162,76.5
6163,4.4
6164,43.3
6165,3.9
6166,58.8
6167,37.0
6168,99.0
6169,49.0
6170,23.9
6171,87.2
6172,18.2
6173,87.0
6174,10.1
6175,48.6
6176,65.7
6177,91.0
6178,83.7
6179,33.8
6180,82.5
6181,81.2
6182,62.2
6183,76.2
6184,80.0
6185,84.0
6186,24.5
6187,22.9
6188,97.9
6189,35.4
6190,72.9
6191,94.0
6192,61.6
6193,17.6
6194,84.9
6195,40.8
6196,24.7
6197,78.0
6198,4.6
6199,24.1
6200,2.3
6201,59.8
6202,59.4
6203,25.9
6204,30.0
6205,95.9
6206,27.7
6207,78.8
6208,56.8
6209,59.2
6210,55.2
6211,63.5
6212,0.4
6213,66.2
6214,47.9
6215,49.2
6216,47.1
6217,94.2
6218,80.0
6219,19.5
6220,71.0
6221,29.8
6222,50.7
6223,66.3
6224,4.2
6225,73.3
6226,84.4
6227,13.3
6228,9.8
6229,95.2
6230,91.0
6231,81.0
6232,84.0
6233,97.2
6234,82.6
6235,73.8
6236,98.4
6237,35.2
6238,86.6
6239,5.1
6240,55.7
6241,94.0
6242,23.9
6243,0.6
6244,100.0
6245,21.7
6246,97.3
6247,95.1
6248,74.6
6249,11.3
6250,20.7
6251,83.2
6252,44.8
6253,17.1
6254,25.0
6255,57.0
6256,23.0
6257,36.7
6258,72.8
6259,38.9
6260,71.3
6261,19.8
6262,30.6
6263,17.0
6264,77.8
6265,55.0
6266,4.2
6267,40.9
6268,42.1
6269,42.7
6270,24.1
6271,86.6
6272,46.0
6273,19.4
6274,34.4
6275,2.3
6276,40.2
6277,85.4
6278,4.0
6279,84.7
6280,76.9
6281,11.1
6282,76.6
6283,73.7
6284,98.2
6285,23.0
6286,89.9
6287,64.2
6288,76.4
6289,40.6
6290,18.1
6291,91.6
6292,10.7
6293,51.1
6294,97.7
6295,51.2
6296,73.5
6297,90.7
6298,60.1
6299,89.6
6300,57.1
6301,49.6
6302,42.2
6303,47.0
6304,44.3
6305,9.4
6306,98.7
6307,59.1
6308,85.3
6309,95.4
6310,0.8
6311,22.8
6312,10.0
6313,1.9
6314,10.2
6315,39.8
6316,73.1
6317,70.1
6318,13.4
6319,30.5
6320,12.5
6321,95.1
6322,44.4
6323,95.2
6324,1.6
6325,28.2
6326,27.3
6327,88.9
6328,82.6
6329,73.0
6330,87.3
6331,52.4
6332,44.1
6333,46.8
6334,33.1
6335,5.7
6336,74.9
6337,74.2
6338,88.4
6339,70.1
6340,73.2
6341,85.3
6342,55.5
6343,87.4
6344,29.8
6345,12.5
6346,33.8
6347,23.8
6348,71.1
6349,84.6
6350,61.7
6351,33.2
6352,87.9
6353,97.5
6354,89.5
6355,66.4
6356,33.3
6357,54.2
6358,79.2
6359,35.9
6360,57.8
6361,61.9
6362,20.1
6363,17.4
6364,82.1
6365,0.5
6366,1.5
6367,18.5
6368,49.0
6369,57.2
6370,62.5
6371,21.1
6372,92.6
6373,19.6
6374,9.3
6375,4.5
6376,40.2
6377,39.5
6378,51.4
6379,99.5
6380,42.4
6381,13.9
6382,9.8
6383,66.5
6384,13.5
6385,42.5
6386,24.4
6387,7.8
6388,75.2
6389,51.0
6390,71.9
6391,6.3
6392,52.2
6393,73.5
6394,98.0
6395,21.2
6396,45.2
6397,10.8
6398,21.9
6399,43.7
6400,75.6
6401,35.3
6402,38.6
6403,67.9
6404,84.9
6405,69.2
6406,45.3
6407,20.2
6408,60.6
6409,17.2
6410,38.4
6411,32.4
6412,17.7
6413,85.4
6414,13.3
6415,73.4
6416,70.3
6417,99.0
6418,63.0
6419,94.3
6420,87.4
6421,65.9
6422,37.1
6423,61.8
6424,80.4
6425,17.8
6426,44.5
6427,33.2
6428,32.5
6429,19.4
6430,69.0
6431,30.0
6432,93.5
6433,18.3
6434,25.3
6435,14.1
6436,0.2
6437,78.2
6438,21.6
6439,82.1
6440,88.9
6441,97.4
6442,98.6
6443,17.9
6444,75.6
6445,63.7
6446,41.3
6447,85.6
6448,29.6
6449,98.3
6450,58.0
6451,36.1
6452,82.8
6453,15.9
6454,2.7
6455,36.2
6456,51.6
6457,24.6
6458,67.5
6459,50.5
6460,30.4
6461,11.4
6462,28.3
6463,81.7
6464,8.0
6465,23.2
6466,97.3
6467,55.9
6468,69.9
6469,73.1
6470,21.8
6471,12.0
6472,41.3
6473,21.3
6474,58.9
6475,29.8
6476,64.2
6477,24.3
6478,65.9
6479,17.9
6480,42.3
6481,65.0
6482,41.0
6483,70.8
6484,59.0
6485,26.7
6486,55.2
6487,42.5
6488,57.9
6489,99.2
6490,21.2
6491,53.4
6492,63.8
6493,37.1
6494,29.6
6495,35.8
6496,21.4
6497,47.5
6498,13.4
6499,28.5
6500,26.1
6501,40.3
6502,81.6
6503,19.2
6504,86.6
6505,61.7
6506,54.9
6507,69.4
6508,5.1
6509,69.8
6510,9.4
6511,79.0
6512,64.1
6513,13.1
6514,46.2
6515,4.2
6516,77.1
6517,35.6
6518,68.3
6519,11.2
6520,48.9
6521,58.2
6522,30.6
6523,31.1
6524,97.9
6525,49.2
6526,60.2
6527,92.9
6528,97.4
6529,68.4
6530,48.8
6531,34.4
6532,74.4
6533,98.5
6534,82.5
6535,72.6
6536,47.8
6537,26.4
6538,62.5
6539,67.5
6540,81.1
6541,45.2
6542,71.5
6543,47.4
6544,88.8
6545,47.5
6546,29.9
6547,53.0
6548,3.0
6549,38.1
6550,31.9
6551,39.1
6552,14.9
6553,98.2
6554,67.8
6555,68.3
6556,42.5
6557,36.4
6558,46.1
6559,89.0
6560,64.6
6561,19.9
6562,55.6
6563,50.6
6564,53.2
6565,57.0
6566,97.2
6567,86.9
6568,76.9
6569,19.6
6570,5.3
6571,46.2
6572,78.4
6573,62.9
6574,91.0
6575,5.7
6576,65.9
6577,42.5
6578,80.7
6579,10.9
6580,18.8
6581,76.5
6582,8.2
6583,27.7
6584,49.7
6585,25.8
6586,33.3
6587,45.5
6588,72.6
6589,85.1
6590,98.3
6591,7.9
6592,39.5
6593,51.1
6594,25.5
6595,99.3
6596,83.9
6597,11.7
6598,26.0
6599,58.7
6600,79.7
6601,38.6
6602,48.5
6603,88.9
6604,73.8
6605,43.1
6606,0.8
6607,91.8
6608,99.7
6609,84.0
6610,16.0
6611,83.6
6612,0.4
6613,53.0
6614,67.5
6615,39.6
6616,26.7
6617,92.6
6618,67.6
6619,81.3
6620,2.9
6621,43.4
6622,85.0
6623,9.9
6624,38.6
6625,63.7
6626,88.7
6627,32.3
6628,17.1
6629,3.0
6630,23.3
6631,64.9
6632,96.9
6633,80.1
6634,86.8
6635,92.9
6636,55.9
6637,72.1
6638,89.6
6639,78.6
6640,90.5
6641,75.5
6642,49.7
6643,13.5
6644,96.5
6645,40.5
6646,47.4
6647,23.3
6648,24.4
6649,15.8
6650,51.0
6651,89.1
6652,13.1
6653,38.2
6654,70.4
6655,96.2
6656,0.2
6657,2.3
6658,1.7
6659,46.5
6660,44.5
6661,39.3
6662,18.9
6663,52.9
6664,79.8
6665,2.9
6666,12.5
6667,43.1
6668,5.8
6669,82.4
6670,83.2
6671,62.9
6672,59.5
6673,89.9
6674,4.1
6675,61.2
6676,7.0
6677,68.7
6678,95.6
6679,35.4
6680,56.9
6681,51.1
6682,91.5
6683,88.6
6684,19.8
6685,40.1
6686,94.7
6687,80.4
6688,26.0
6689,44.1
6690,13.1
6691,86.1
6692,2.5
6693,52.5
6694,69.9
6695,18.8
6696,10.5
6697,87.1
6698,78.8
6699,70.5
6700,21.3
6701,55.7
6702,69.4
6703,55.4
6704,92.6
6705,51.8
6706,86.9
6707,57.3
6708,24.9
6709,9.5
6710,0.8
6711,42.0
6712,65.3
6713,2.9
6714,64.6
6715,50.3
6716,59.2
6717,26.7
6718,23.8
6719,28.6
6720,17.1
6721,35.4
6722,85.6
6723,97.6
6724,16.5
6725,22.4
6726,46.8
6727,82.4
6728,52.5
6729,9.4
6730,89.1
6731,2.5
6732,99.1
6733,66.7
6734,7.7
6735,11.4
6736,57.4
6737,17.3
6738,17.0
6739,29.8
6740,95.7
6741,32.1
6742,20.9
6743,10.2
6744,9.5
6745,95.1
6746,86.7
6747,57.8
6748,42.7
6749,8.7
6750,72.2
6751,11.6
6752,32.4
6753,99.5
6754,4.8
6755,52.3
6756,38.9
6757,98.6
6758,5.1
6759,75.4
6760,49.2
6761,17.4
6762,21.5
6763,55.2
6764,29.4
6765,75.2
6766,72.8
6767,18.4
6768,32.3
6769,12.1
6770,83.3
6771,40.2
6772,62.1
6773,98.0
6774,37.5
6775,80.5
6776,26.0
6777,93.1
6778,45.8
6779,17.8
6780,99.4
6781,59.6
6782,19.5
6783,35.9
6784,90.6
6785,63.9
6786,16.1
6787,17.9
6788,22.2
6789,15.9
6790,13.6
6791,6.3
6792,44.4
6793,10.9
6794,9.0
6795,73.2
6796,64.3
6797,66.4
6798,67.7
6799,95.5
6800,96.5
6801,96.8
6802,35.1
6803,15.5
6804,59.3
6805,88.7
6806,2.7
6807,74.1
6808,82.5
6809,81.7
6810,60.9
6811,72.0
6812,81.1
6813,51.0
6814,26.6
6815,52.2
6816,6.1
6817,88.5
6818,49.6
6819,33.3
6820,50.7
6821,26.5
6822,3.1
6823,31.8
6824,11.7
6825,91.1
6826,69.7
6827,94.1
6828,90.4
6829,30.9
6830,93.8
6831,70.5
6832,62.0
6833,62.5
6834,32.8
6835,67.2
6836,38.8
6837,58.6
6838,49.3
6839,26.9
6840,86.0
6841,22.6
6842,42.6
6843,13.4
6844,64.7
6845,51.9
6846,62.9
6847,93.2
6848,99.2
6849,93.5
6850,24.4
6851,5.4
6852,35.7
6853,77.0
6854,60.1
6855,98.3
6856,97.5
6857,76.1
6858,12.6
6859,22.8
6860,42.1
6861,3.1
6862,35.5
6863,95.0
6864,42.2
6865,56.3
6866,1.5
6867,73.4
6868,30.8
6869,64.4
6870,6.4
6871,76.7
6872,75.1
6873,56.3
6874,27.7
6875,83.1
6876,69.5
6877,70.7
6878,43.0
6879,33.0
6880,58.0
6881,94.1
6882,11.5
6883,0.4
6884,40.6
6885,94.9
6886,24.1
6887,24.3
6888,26.6
6889,48.4
6890,8.9
6891,9.2
6892,53.7
6893,96.9
6894,26.2
6895,69.9
6896,88.1
6897,68.6
6898,41.1
6899,2.7
6900,19.2
6901,33.5
6902,49.5
6903,95.4
6904,56.7
6905,45.8
6906,35.9
6907,30.1
6908,56.1
6909,31.8
6910,58.9
6911,57.9
6912,55.3
6913,28.3
6914,64.6
6915,13.6
6916,89.3
6917,56.8
6918,32.8
6919,25.8
6920,69.5
6921,25.3
6922,23.9
6923,97.4
6924,29.9
6925,34.7
6926,92.6
6927,26.0
6928,93.0
6929,93.4
6930,52.3
6931,30.1
6932,8.6
6933,14.8
6934,30.9
6935,67.6
6936,60.6
6937,76.2
6938,79.9
6939,76.1
6940,64.4
6941,92.9
6942,52.3
6943,70.4
6944,41.9
6945,96.5
6946,69.8
6947,98.9
6948,54.0
6949,56.1
6950,62.4
6951,47.4
6952,57.8
6953,7.9
6954,57.7
6955,19.3
6956,46.4
6957,13.3
6958,30.8
6959,98.7
6960,12.4
6961,56.0
6962,56.5
6963,75.9
6964,12.8
6965,84.6
6966,45.8
6967,6.8
6968,26.2
6969,21.7
6970,7.3
6971,40.3
6972,48.6
6973,21.0
6974,19.3
6975,17.5
6976,96.9
6977,15.9
6978,97.1
6979,91.0
6980,47.3
6981,43.8
6982,19.2
6983,95.1
6984,13.0
6985,30.2
6986,72.2
6987,74.2
6988,79.9
6989,71.8
6990,80.2
6991,28.6
6992,15.5
6993,29.8
6994,21.7
6995,56.6
6996,53.8
6997,67.5
6998,81.8
6999,10.5
7000,76.4
7001,98.8
7002,18.1
7003,29.3
7004,2.6
7005,90.9
7006,69.3
7007,35.8
7008,17.7
7009,25.5
7010,67.0
7011,44.1
7012,90.9
7013,71.3
7014,58.8
7015,29.4
7016,64.8
7017,89.1
7018,2.6
7019,11.2
7020,60.4
7021,35.0
7022,95.1
7023,98.1
7024,0.8
7025,22.2
7026,71.4
7027,91.9
7028,85.3
7029,21.4
7030,2.3
7031,28.9
7032,45.4
7033,21.9
7034,64.6
7035,56.0
7036,94.4
7037,21.9
7038,93.2
7039,4.9
7040,29.2
7041,12.3
7042,96.7
7043,34.5
7044,39.9
7045,9.0
7046,57.8
7047,47.1
7048,53.7
7049,35.1
7050,18.3
7051,60.0
7052,5.6
7053,66.1
7054,14.1
7055,43.7
7056,26.9
7057,89.1
7058,17.1
7059,4.1
7060,88.8
7061,28.8
7062,74.9
7063,56.8
7064,82.5
7065,21.7
7066,37.4
7067,42.2
7068,21.6
7069,76.0
7070,87.4
7071,95.4
7072,11.9
7073,64.2
7074,85.8
7075,19.0
7076,88.7
7077,95.8
7078,46.1
7079,76.2
7080,74.3
7081,58.6
7082,73.1
7083,35.8
7084,5.7
7085,48.8
7086,15.8
7087,74.3
7088,74.1
7089,72.3
7090,86.6
7091,68.8
7092,36.9
7093,74.7
7094,41.5
7095,23.5
7096,77.8
7097,47.4
7098,48.6
7099,79.6
7100,34.9
7101,18.0
7102,51.2
7103,57.7
7104,57.0
7105,21.8
7106,26.6
7107,35.3
7108,70.2
7109,69.9
7110,56.2
7111,99.6
7112,61.1
7113,39.9
7114,92.8
7115,85.9
7116,93.7
7117,40.3
7118,34.6
7119,51.7
7120,36.3
7121,37.4
7122,51.7
7123,68.5
7124,25.0
7125,34.2
7126,65.9
7127,60.2
7128,89.7
7129,79.2
7130,11.3
7131,37.1
7132,26.8
7133,71.1
7134,29.2
7135,90.1
7136,52.9
7137,72.9
7138,18.5
7139,99.7
7140,16.7
7141,54.9
7142,3.2
7143,5.3
7144,46.2
7145,24.5
7146,25.2
7147,39.8
7148,15.6
7149,12.8
7150,83.0
7151,10.2
7152,64.1
7153,40.7
7154,39.5
7155,94.1
7156,11.8
7157,57.9
7158,53.1
7159,99.3
7160,51.5
7161,11.1
7162,26.1
7163,84.8
7164,65.2
7165,3.5
7166,0.5
7167,98.4
7168,35.4
7169,85.0
7170,44.3
7171,22.0
7172,59.2
7173,95.8
7174,56.2
7175,90.6
7176,44.0
7177,56.7
7178,22.1
7179,90.1
7180,4.1
7181,44.8
7182,79.1
7183,73.6
7184,89.8
7185,82.0
7186,73.3
7187,75.7
7188,20.0
7189,31.8
7190,86.2
7191,56.8
7192,82.6
7193,94.0
7194,58.5
7195,13.3
7196,97.1
7197,2.5
7198,62.5
7199,67.1
7200,26.5
7201,76.1
7202,84.7
7203,92.6
7204,14.1
7205,90.5
7206,48.1
7207,65.9
7208,75.6
7209,14.2
7210,48.7
7211,66.1
7212,94.2
7213,60.9
7214,59.5
7215,24.2
7216,43.6
7217,61.1
7218,50.3
7219,61.5
7220,34.2
7221,18.4
7222,4.5
7223,28.1
7224,82.3
7225,86.4
7226,68.1
7227,99.6
7228,20.6
7229,27.8
7230,14.0
7231,23.3
7232,77.0
7233,68.5
7234,24.6
7235,47.9
7236,7.7
7237,78.7
7238,72.2
7239,93.4
7240,21.3
7241,95.5
7242,47.3
7243,28.3
7244,0.2
7245,0.2
7246,94.3
7247,19.3
7248,22.9
7249,40.3
7250,35.1
7251,39.5
7252,42.5
7253,83.7
7254,83.6
7255,16.8
7256,80.1
7257,34.4
7258,79.4
7259,2.2
7260,28.5
7261,52.6
7262,24.8
7263,47.0
7264,65.8
7265,66.2
7266,8.0
7267,92.8
7268,74.7
7269,80.4
7270,84.7
7271,35.6
7272,88.5
7273,80.8
7274,35.7
7275,88.5
7276,46.3
7277,34.1
7278,66.2
7279,75.0
7280,82.6
7281,12.7
7282,26.1
7283,13.1
7284,96.4
7285,73.0
7286,12.9
7287,69.5
7288,95.7
7289,36.7
7290,33.9
7291,11.7
7292,91.5
7293,72.7
7294,64.5
7295,92.8
7296,85.1
7297,2.4
7298,66.9
7299,45.6
7300,29.6
7301,74.4
7302,28.3
7303,91.8
7304,85.6
7305,11.9
7306,81.3
7307,22.0
7308,33.3
7309,0.3
7310,27.2
7311,20.7
7312,95.7
7313,43.3
7314,1.0
7315,43.1
7316,21.6
7317,20.0
7318,66.9
7319,11.1
7320,20.4
7321,81.0
7322,21.1
7323,96.5
7324,60.0
7325,44.0
7326,46.7
7327,16.6
7328,85.4
7329,88.1
7330,59.3
7331,21.0
7332,30.9
7333,43.8
7334,55.3
7335,39.1
7336,83.2
7337,70.9
7338,85.4
7339,23.8
7340,70.5
7341,70.0
7342,90.1
7343,97.8
7344,89.8
7345,54.9
7346,22.5
7347,81.4
7348,77.0
7349,85.2
7350,59.8
7351,53.6
7352,28.0
7353,22.9
7354,96.7
7355,50.5
7356,59.9
7357,84.8
7358,10.7
7359,73.8
7360,60.2
7361,29.0
7362,55.3
7363,17.4
7364,85.4
7365,89.1
7366,3.8
7367,42.9
7368,42.6
7369,88.9
7370,60.5
7371,87.1
7372,44.9
7373,49.7
7374,19.2
7375,42.6
7376,62.6
7377,20.4
7378,58.0
7379,30.9
7380,59.2
7381,27.0
7382,27.4
7383,66.4
7384,58.6
7385,4.4
7386,86.3
7387,93.5
7388,0.1
7389,80.3
7390,0.7
7391,24.8
7392,27.4
7393,93.6
7394,31.2
7395,7.8
7396,88.2
7397,41.8
7398,40.4
7399,74.2
7400,32.2
7401,96.2
7402,44.1
7403,31.5
7404,99.4
7405,13.3
7406,14.6
7407,14.8
7408,23.3
7409,88.6
7410,28.2
7411,74.4
7412,18.5
7413,15.0
7414,60.8
7415,45.5
7416,67.2
7417,29.7
7418,29.8
7419,54.1
7420,89.8
7421,37.8
7422,44.6
7423,45.3
7424,40.0
7425,20.9
7426,43.4
7427,79.3
7428,87.1
7429,52.2
7430,1.9
7431,75.1
7432,52.8
7433,43.9
7434,29.5
7435,38.0
7436,16.9
7437,99.7
7438,7.3
7439,48.4
7440,15.8
7441,31.8
7442,12.2
7443,39.8
7444,56.8
7445,30.7
7446,65.7
7447,22.3
7448,34.6
7449,55.4
7450,53.5
7451,34.2
7452,4.4
7453,96.3
7454,87.5
7455,7.5
7456,56.2
7457,56.1
7458,13.9
7459,39.6
7460,34.6
7461,51.8
7462,70.6
7463,2.6
7464,82.0
7465,2.9
7466,73.0
7467,17.2
7468,46.2
7469,78.0
7470,59.7
7471,56.1
7472,32.9
7473,60.7
7474,96.9
7475,35.7
7476,35.8
7477,52.0
7478,3.0
7479,10.8
7480,64.8
7481,67.3
7482,86.3
7483,85.3
7484,4.2
7485,86.8
7486,65.5
7487,86.0
7488,87.8
7489,99.9
7490,97.6
7491,88.1
7492,46.9
7493,81.4
7494,46.5
7495,55.2
7496,69.8
7497,52.2
7498,12.9
7499,66.0
7500,5.5
7501,92.1
7502,18.8
7503,59.8
7504,60.2
7505,7.7
7506,14.4
7507,85.4
7508,7.5
7509,62.8
7510,95.2
7511,42.3
7512,89.7
7513,95.2
7514,82.2
7515,65.3
7516,25.5
7517,24.1
7518,96.9
7519,51.0
7520,88.2
7521,88.0
7522,81.1
7523,29.4
7524,89.8
7525,42.3
7526,47.3
7527,72.6
7528,44.7
7529,23.8
7530,4.3
7531,53.2
7532,87.4
7533,35.1
7534,52.6
7535,66.0
7536,76.7
7537,62.3
7538,81.0
7539,73.1
7540,94.8
7541,70.5
7542,56.8
7543,53.8
7544,83.4
7545,22.4
7546,16.2
7547,93.5
7548,35.4
7549,25.2
7550,4.0
7551,58.8
7552,54.9
7553,42.0
7554,83.9
7555,56.6
7556,3.7
7557,95.2
7558,16.8
7559,3.7
7560,47.7
7561,91.9
7562,3.9
7563,58.3
7564,49.0
7565,98.7
7566,98.1
7567,51.3
7568,18.3
7569,15.2
7570,99.6
7571,59.9
7572,37.5
7573,11.5
7574,76.8
7575,81.3
7576,17.6
7577,94.5
7578,73.3
7579,49.8
7580,17.2
7581,51.8
7582,5.1
7583,55.3
7584,67.0
7585,46.9
7586,57.0
7587,71.9
7588,59.1
7589,6.5
7590,91.3
7591,30.6
7592,19.5
7593,47.7
7594,48.3
7595,54.4
7596,48.9
7597,86.4
7598,21.3
7599,83.4
7600,20.0
7601,26.0
7602,71.4
7603,56.1
7604,68.0
7605,44.9
7606,89.2
7607,25.1
7608,64.6
7609,17.0
7610,73.6
7611,45.6
7612,42.7
7613,15.5
7614,72.3
7615,26.9
7616,72.4
7617,8.1
7618,50.3
7619,70.1
7620,49.9
7621,86.3
7622,44.5
7623,22.2
7624,17.0
7625,94.8
7626,25.9
7627,55.4
7628,30.7
7629,17.6
7630,59.6
7631,80.6
7632,32.1
7633,50.1
7634,64.5
7635,72.7
7636,97.4
7637,85.0
7638,63.8
7639,73.5
7640,83.2
7641,97.3
7642,47.5
7643,13.8
7644,52.2
7645,19.0
7646,61.8
7647,31.1
7648,49.6
7649,6.7
7650,92.1
7651,35.1
7652,50.6
7653,42.1
7654,28.2
7655,84.9
7656,23.8
7657,90.1
7658,49.7
7659,40.5
7660,85.6
7661,89.3
7662,35.2
7663,50.0
7664,36.1
7665,11.3
7666,9.8
7667,13.7
7668,32.9
7669,47.9
7670,98.1
7671,36.0
7672,32.7
7673,24.1
7674,85.0
7675,50.9
7676,31.1
7677,29.3
7678,98.6
7679,88.1
7680,18.4
7681,77.9
7682,41.8
7683,44.0
7684,66.1
7685,69.6
7686,65.1
7687,96.2
7688,5.1
7689,53.4
7690,41.9
7691,4.9
7692,17.6
7693,41.2
7694,97.4
7695,96.0
7696,64.5
7697,18.7
7698,39.2
7699,58.4
7700,58.6
7701,89.2
7702,89.8
7703,35.3
7704,65.9
7705,85.0
7706,71.9
7707,4.3
7708,13.8
7709,82.5
7710,81.1
7711,29.2
7712,53.7
7713,22.2
7714,48.0
7715,63.5
7716,58.4
7717,46.4
7718,21.6
7719,69.1
7720,67.5
7721,68.2
7722,76.0
7723,25.2
7724,51.7
7725,4.9
7726,88.2
7727,61.9
7728,9.4
7729,6.8
7730,36.2
7731,26.7
7732,72.9
7733,84.4
7734,61.1
7735,22.6
7736,91.5
7737,45.5
7738,76.7
7739,8.5
7740,61.1
7741,20.2
7742,95.0
7743,84.6
7744,57.9
7745,45.9
7746,87.3
7747,91.5
7748,46.4
7749,0.7
7750,92.6
7751,76.6
7752,49.8
7753,96.9
7754,63.7
7755,83.4
7756,93.2
7757,82.7
7758,33.9
7759,87.3
7760,50.1
7761,92.4
7762,21.9
7763,54.3
7764,53.2
7765,76.1
7766,58.8
7767,88.0
7768,27.3
7769,56.3
7770,47.0
7771,93.9
7772,16.7
7773,10.0
7774,80.6
7775,3.8
7776,68.4
7777,76.7
7778,43.9
7779,8.1
7780,32.7
7781,49.7
7782,6.9
7783,87.4
7784,73.1
7785,18.7
7786,82.0
7787,8.8
7788,39.1
7789,95.9
7790,99.9
7791,65.3
7792,2.6
7793,86.7
7794,16.5
7795,81.3
7796,74.3
7797,36.9
7798,13.6
7799,87.1
7800,47.9
7801,27.0
7802,81.4
7803,66.2
7804,82.0
7805,42.9
7806,85.9
7807,14.8
7808,76.3
7809,56.4
7810,9.1
7811,27.5
7812,90.6
7813,0.2
7814,66.2
7815,25.4
7816,85.7
7817,92.4
7818,95.3
7819,14.5
7820,15.9
7821,34.1
7822,35.3
7823,67.7
7824,67.0
7825,72.0
7826,30.1
7827,28.6
7828,90.4
7829,94.3
7830,15.1
7831,3.4
7832,97.4
7833,98.3
7834,3.1
7835,19.6
7836,63.8
7837,87.7
7838,32.1
7839,12.6
7840,87.3
7841,2.7
7842,12.4
7843,87.4
7844,16.6
7845,85.5
7846,5.9
7847,67.5
7848,10.1
7849,55.3
7850,94.7
7851,46.3
7852,72.0
7853,37.0
7854,21.6
7855,10.2
7856,95.7
7857,86.2
7858,90.8
7859,94.4
7860,83.0
7861,76.9
7862,92.2
7863,45.2
7864,41.6
7865,49.6
7866,36.1
7867,98.1
7868,86.8
7869,30.1
7870,34.1
7871,16.6
7872,97.2
7873,96.0
7874,11.8
7875,57.4
7876,4.6
7877,26.2
7878,41.6
7879,68.2
7880,29.9
7881,67.3
7882,65.1
7883,50.0
7884,89.4
7885,24.1
7886,64.9
7887,93.4
7888,73.3
7889,18.7
7890,42.9
7891,76.3
7892,32.0
7893,46.2
7894,39.6
7895,49.3
7896,28.5
7897,19.1
7898,85.5
7899,23.0
7900,7.7
7901,41.5
7902,96.8
7903,19.5
7904,21.1
7905,70.5
7906,91.3
7907,66.4
7908,95.7
7909,64.7
7910,29.9
7911,7.5
7912,33.2
7913,62.3
7914,45.5
7915,95.1
7916,39.4
7917,75.0
7918,89.9
7919,67.8
7920,30.0
7921,61.1
7922,6.4
7923,58.6
7924,42.1
7925,26.7
7926,0.7
7927,50.8
7928,11.5
7929,48.9
7930,40.8
7931,27.8
7932,16.7
7933,93.5
7934,56.8
7935,75.6
7936,55.8
7937,39.6
7938,62.2
7939,2.6
7940,2.3
7941,45.5
7942,52.3
7943,15.8
7944,23.9
7945,7.3
7946,35.6
7947,77.0
7948,76.5
7949,0.1
7950,11.4
7951,72.3
7952,34.6
7953,93.5
7954,59.4
7955,19.6
7956,81.8
7957,88.3
7958,95.3
7959,33.8
7960,78.5
7961,84.5
7962,99.9
7963,34.3
7964,65.7
7965,68.1
7966,87.5
7967,21.1
7968,36.0
7969,54.4
7970,4.3
7971,41.7
7972,37.7
7973,23.7
7974,55.8
7975,95.2
7976,95.8
7977,51.0
7978,80.0
7979,30.9
7980,10.3
7981,62.9
7982,16.8
7983,19.0
7984,32.2
7985,35.4
7986,81.5
7987,93.3
7988,16.6
7989,2.7
7990,28.2
7991,45.1
7992,17.8
7993,75.6
7994,53.7
7995,90.4
7996,2.0
7997,84.3
7998,28.0
7999,71.4
8000,56.9
8001,19.8
8002,20.0
8003,53.4
8004,5.5
8005,12.8
8006,67.2
8007,82.9
8008,19.5
8009,72.8
8010,17.8
8011,48.8
8012,4.1
8013,75.4
8014,93.5
8015,36.8
8016,9.8
8017,79.6
8018,81.1
8019,28.8
8020,80.9
8021,5.2
8022,57.5
8023,90.5
8024,41.6
8025,62.1
8026,4.4
8027,72.0
8028,17.2
8029,92.2
8030,25.4
8031,77.8
8032,47.5
8033,68.0
8034,26.2
8035,51.1
8036,45.0
8037,96.1
8038,0.1
8039,73.3
8040,39.0
8041,6.7
8042,79.3
8043,17.7
8044,71.2
8045,99.2
8046,1.2
8047,79.3
8048,16.7
8049,47.0
8050,20.0
8051,8.8
8052,99.1
8053,52.0
8054,24.1
8055,32.1
8056,95.7
8057,57.4
8058,61.6
8059,51.4
8060,24.9
8061,96.4
8062,51.5
8063,27.4
8064,33.9
8065,45.6
8066,39.1
8067,92.8
8068,41.4
8069,80.0
8070,45.2
8071,90.9
8072,69.9
8073,88.6
8074,18.0
8075,45.5
8076,19.1
8077,79.4
8078,73.3
8079,52.1
8080,6.5
8081,48.7
8082,37.0
8083,1.2
8084,27.0
8085,61.1
8086,62.4
8087,53.7
8088,87.9
8089,89.7
8090,72.5
8091,18.4
8092,21.7
8093,40.8
8094,31.5
8095,74.6
8096,99.4
8097,31.4
8098,61.9
8099,73.3
8100,16.0
8101,64.3
8102,43.4
8103,32.0
8104,25.3
8105,23.9
8106,28.3
8107,23.3
8108,49.3
8109,88.0
8110,84.6
8111,81.4
8112,47.1
8113,44.3
8114,11.0
8115,1.1
8116,76.6
8117,39.0
8118,50.0
8119,59.4
8120,63.1
8121,10.4
8122,9.4
8123,22.8
8124,8.7
8125,27.7
8126,86.8
8127,11.6
8128,34.7
8129,78.8
8130,73.1
8131,80.0
8132,89.6
8133,13.1
8134,93.5
8135,0.2
8136,37.0
8137,69.5
8138,1.2
8139,28.4
8140,46.4
8141,29.4
8142,50.5
8143,63.9
8144,25.9
8145,51.4
8146,13.4
8147,60.0
8148,52.1
8149,70.3
8150,48.8
8151,92.6
8152,77.0
8153,22.8
8154,97.6
8155,32.1
8156,17.1
8157,94.2
8158,41.8
8159,34.3
8160,93.9
8161,81.8
8162,68.1
8163,20.2
8164,75.8
8165,16.7
8166,53.4
8167,38.6
8168,62.1
8169,2.7
8170,63.6
8171,50.8
8172,68.4
8173,29.1
8174,40.3
8175,16.0
8176,87.2
8177,57.0
8178,61.9
8179,52.6
8180,31.4
8181,67.2
8182,86.1
8183,59.5
8184,3.8
8185,0.6
8186,3.9
8187,50.6
8188,32.4
8189,30.1
8190,45.2
8191,85.8
8192,85.8
8193,17.2
8194,27.9
8195,56.6
8196,48.8
8197,98.4
8198,84.0
8199,68.1
8200,95.0
8201,61.4
8202,88.7
8203,47.5
8204,6.6
8205,57.3
8206,92.7
8207,87.2
8208,27.2
8209,78.6
8210,88.0
8211,81.7
8212,5.0
8213,2.2
8214,9.5
8215,28.5
8216,18.2
8217,59.6
8218,7.1
8219,87.8
8220,38.4
8221,43.4
8222,58.9
8223,3.5
8224,58.6
8225,57.1
8226,85.4
8227,73.9
8228,46.9
8229,4.0
8230,61.1
8231,28.9
8232,12.8
8233,3.0
8234,75.7
8235,50.9
8236,32.1
8237,98.5
8238,59.3
8239,30.8
8240,70.0
8241,99.7
8242,66.8
8243,79.1
8244,80.3
8245,49.7
8246,25.2
8247,90.6
8248,7.9
8249,6.2
8250,33.1
8251,87.6
8252,42.3
8253,19.9
8254,49.6
8255,77.7
8256,69.0
8257,0.5
8258,1.8
8259,24.1
8260,85.5
8261,23.4
8262,15.9
8263,19.6
8264,21.0
8265,11.5
8266,46.1
8267,0.2
8268,0.8
8269,11.8
8270,47.9
8271,11.1
8272,38.3
8273,22.1
8274,75.9
8275,73.9
8276,96.3
8277,6.8
8278,1.3
8279,92.5
8280,81.3
8281,80.2
8282,0.4
8283,76.6
8284,2.1
8285,48.8
8286,45.4
8287,14.1
8288,51.2
8289,49.8
8290,25.1
8291,91.1
8292,10.4
8293,41.6
8294,53.3
8295,8.0
8296,9.1
8297,98.2
8298,19.5
8299,59.7
8300,41.5
8301,88.8
8302,83.3
8303,68.9
8304,69.7
8305,33.4
8306,73.0
8307,33.4
8308,68.6
8309,82.6
8310,25.2
8311,84.1
8312,37.1
8313,0.5
8314,96.5
8315,16.7
8316,0.8
8317,47.5
8318,60.3
8319,20.8
8320,30.0
8321,4.8
8322,44.4
8323,19.3
8324,23.2
8325,27.2
8326,7.6
8327,69.0
8328,12.2
8329,45.0
8330,50.5
8331,10.1
8332,49.4
8333,84.3
8334,20.1
8335,57.4
8336,54.7
8337,42.8
8338,22.9
8339,84.0
8340,21.0
8341,26.8
8342,67.2
8343,86.7
8344,88.4
8345,46.5
8346,93.0
8347,86.4
8348,75.4
8349,41.1
8350,46.9
8351,12.9
8352,61.9
8353,78.0
8354,42.7
8355,30.8
8356,29.0
8357,48.8
8358,47.5
8359,23.3
8360,56.4
8361,86.1
8362,63.0
8363,45.6
8364,2.7
8365,31.5
8366,7.8
8367,62.6
8368,63.5
8369,2.7
8370,47.2
8371,92.4
8372,20.6
8373,68.2
8374,66.9
8375,62.9
8376,0.3
8377,49.6
8378,87.7
8379,17.4
8380,54.6
8381,42.7
8382,27.3
8383,65.5
8384,57.7
8385,91.5
8386,51.4
8387,3.1
8388,10.3
8389,48.9
8390,31.6
8391,49.7
8392,50.6
8393,52.3
8394,52.1
8395,61.9
8396,35.2
8397,89.8
8398,83.3
8399,14.6
8400,58.0
8401,80.3
8402,78.9
8403,38.9
8404,44.0
8405,96.1
8406,87.1
8407,54.2
8408,18.3
8409,50.8
8410,99.2
8411,59.1
8412,46.8
8413,26.5
8414,62.2
8415,25.4
8416,76.7
8417,38.7
8418,79.1
8419,45.1
8420,23.3
8421,20.6
8422,47.1
8423,52.4
8424,56.8
8425,25.9
8426,57.1
8427,18.9
8428,25.8
8429,73.2
8430,1.8
8431,32.2
8432,62.9
8433,60.9
8434,75.6
8435,68.6
8436,17.9
8437,64.3
8438,15.0
8439,75.8
8440,66.3
8441,73.6
8442,21.5
8443,48.7
8444,65.4
8445,50.6
8446,69.4
8447,92.6
8448,94.7
8449,89.7
8450,20.9
8451,52.4
8452,15.9
8453,34.0
8454,69.9
8455,78.6
8456,60.8
8457,99.4
8458,17.3
8459,90.2
8460,90.4
8461,80.8
8462,79.7
8463,86.8
8464,65.1
8465,92.8
8466,25.5
8467,68.9
8468,42.9
8469,49.3
8470,14.6
8471,9.0
8472,40.1
8473,59.3
8474,53.6
8475,34.0
8476,30.7
8477,78.9
8478,12.5
8479,12.8
8480,72.5
8481,91.4
8482,69.6
8483,31.1
8484,72.3
8485,38.6
8486,71.0
8487,6.6
8488,72.8
8489,29.4
8490,94.3
8491,86.6
8492,58.0
8493,45.9
8494,10.5
8495,36.2
8496,67.8
8497,8.2
8498,92.2
8499,76.1
8500,7.8
8501,71.3
8502,88.7
8503,86.1
8504,61.1
8505,91.8
8506,0.9
8507,66.7
8508,49.3
8509,85.5
8510,96.7
8511,72.6
8512,61.5
8513,53.1
8514,55.2
8515,54.4
8516,43.6
8517,91.2
8518,25.4
8519,91.2
8520,58.7
8521,87.9
8522,4.4
8523,76.0
8524,47.0
8525,76.5
8526,90.2
8527,62.3
8528,98.1
8529,32.3
8530,74.0
8531,80.1
8532,9.3
8533,0.2
8534,87.7
8535,12.7
8536,80.2
8537,56.4
8538,67.0
8539,59.3
8540,45.5
8541,72.1
8542,7.3
8543,32.6
8544,68.7
8545,79.9
8546,24.6
8547,36.6
8548,68.5
8549,48.7
8550,65.6
8551,7.8
8552,24.0
8553,58.8
8554,72.3
8555,28.1
8556,51.6
8557,43.0
8558,99.6
8559,62.3
8560,30.9
8561,74.9
8562,48.3
8563,72.4
8564,4.5
8565,86.8
8566,22.8
8567,81.2
8568,3.3
8569,53.3
8570,10.1
8571,64.5
8572,19.7
8573,76.4
8574,20.0
8575,7.0
8576,48.9
8577,26.1
8578,31.3
8579,24.3
8580,45.2
8581,18.3
8582,39.8
8583,95.5
8584,24.4
8585,14.5
8586,42.3
8587,70.9
8588,27.2
8589,32.9
8590,88.1
8591,95.5
8592,83.2
8593,26.2
8594,62.9
8595,0.1
8596,22.9
8597,92.0
8598,76.0
8599,7.4
8600,28.8
8601,49.0
8602,78.0
8603,46.4
8604,36.0
8605,96.3
8606,87.0
8607,21.9
8608,56.1
8609,66.3
8610,2.5
8611,45.1
8612,14.5
8613,53.5
8614,79.4
8615,82.4
8616,91.4
8617,57.4
8618,59.8
8619,70.8
8620,83.8
8621,31.7
8622,87.5
8623,68.8
8624,89.7
8625,43.6
8626,54.7
8627,71.0
8628,36.8
8629,72.1
8630,99.0
8631,77.5
8632,33.1
8633,66.7
8634,72.0
8635,57.8
8636,96.3
8637,33.9
8638,56.7
8639,14.8
8640,62.9
8641,37.1
8642,60.6
8643,27.7
8644,44.4
8645,8.4
8646,80.3
8647,73.8
8648,18.2
8649,96.9
8650,57.3
8651,79.2
8652,11.2
8653,77.5
8654,50.3
8655,20.2
8656,21.7
8657,95.5
8658,42.9
8659,53.4
8660,91.2
8661,68.1
8662,47.8
8663,75.4
8664,62.2
8665,5.4
8666,69.1
8667,84.0
8668,25.3
8669,61.6
8670,42.2
8671,29.6
8672,85.6
8673,19.9
8674,51.7
8675,54.4
8676,56.8
8677,27.2
8678,86.2
8679,29.5
8680,90.1
8681,69.5
8682,21.7
8683,99.1
8684,79.9
8685,49.2
8686,19.0
8687,62.3
8688,74.9
8689,20.0
8690,81.4
8691,50.2
8692,99.5
8693,22.4
8694,86.1
8695,41.6
8696,53.8
8697,15.6
8698,84.5
8699,30.6
8700,72.1
8701,84.2
8702,63.2
8703,72.1
8704,62.3
8705,11.0
8706,54.9
8707,16.1
8708,9.9
8709,51.8
8710,93.4
8711,6.5
8712,87.5
8713,90.3
8714,80.2
8715,41.4
8716,49.6
8717,77.6
8718,46.4
8719,36.9
8720,34.4
8721,55.1
8722,38.2
8723,0.2
8724,90.2
8725,73.3
8726,55.1
8727,0.0
8728,55.5
8729,24.4
8730,40.5
8731,12.0
8732,64.5
8733,0.5
8734,61.7
8735,91.6
8736,59.5
8737,68.3
8738,28.4
8739,53.2
8740,94.0
8741,62.9
8742,31.5
8743,17.2
8744,74.9
8745,48.7
8746,19.6
8747,29.6
8748,91.0
8749,93.9
8750,54.5
8751,33.4
8752,50.5
8753,59.9
8754,65.6
8755,14.0
8756,21.4
8757,22.1
8758,69.7
8759,54.0
8760,71.9
8761,20.9
8762,87.8
8763,6.5
8764,20.6
8765,97.3
8766,69.2
8767,40.5
8768,50.0
8769,47.5
8770,36.5
8771,24.2
8772,76.4
8773,75.6
8774,6.7
8775,53.7
8776,88.9
8777,53.5
8778,70.6
8779,16.3
8780,53.5
8781,60.9
8782,74.1
8783,72.6
8784,2.8
8785,38.9
8786,21.2
8787,53.8
8788,39.7
8789,59.3
8790,31.3
8791,58.4
8792,82.5
8793,26.7
8794,56.7
8795,35.2
8796,50.3
8797,91.5
8798,75.6
8799,76.4
8800,86.0
8801,10.5
8802,18.2
8803,46.3
8804,29.7
8805,88.1
8806,0.5
8807,31.2
8808,68.7
8809,30.0
8810,55.6
8811,76.0
8812,56.3
8813,9.4
8814,62.0
8815,14.0
8816,27.9
8817,78.1
8818,96.3
8819,15.9
8820,76.1
8821,72.9
8822,0.5
8823,28.3
8824,14.9
8825,99.5
8826,78.8
8827,59.8
8828,88.1
8829,56.9
8830,92.2
8831,87.0
8832,43.7
8833,96.4
8834,32.7
8835,50.1
8836,74.1
8837,23.5
8838,50.0
8839,39.9
8840,65.3
8841,63.3
8842,76.7
8843,28.7
8844,43.3
8845,17.3
8846,40.1
8847,77.5
8848,65.2
8849,88.0
8850,85.1
8851,83.2
8852,47.8
8853,93.9
8854,76.1
8855,26.7
8856,42.7
8857,31.5
8858,72.5
8859,54.7
8860,21.2
8861,78.8
8862,83.7
8863,15.5
8864,93.7
8865,9.7
8866,93.0
8867,94.9
8868,37.6
8869,64.6
8870,93.2
8871,2.4
8872,71.9
8873,53.9
8874,25.8
8875,54.2
8876,71.0
8877,90.7
8878,91.1
8879,12.1
8880,72.0
8881,54.4
8882,68.4
8883,45.2
8884,80.2
8885,54.6
8886,87.0
8887,95.2
8888,73.0
8889,51.8
8890,83.0
8891,99.1
8892,31.1
8893,78.4
8894,60.2
8895,62.6
8896,0.8
8897,82.8
8898,86.9
8899,71.1
8900,96.5
8901,31.4
8902,34.2
8903,22.2
8904,63.9
8905,24.7
8906,4.0
8907,84.6
8908,21.9
8909,69.8
8910,54.7
8911,87.7
8912,56.5
8913,67.1
8914,54.7
8915,50.3
8916,57.3
8917,91.5
8918,19.3
8919,22.0
8920,21.7
8921,87.0
8922,36.8
8923,59.5
8924,61.3
8925,57.1
8926,65.4
8927,62.6
8928,2.9
8929,47.4
8930,96.9
8931,36.8
8932,23.2
8933,85.6
8934,39.4
8935,70.5
8936,37.2
8937,63.5
8938,70.0
8939,28.3
8940,78.5
8941,79.8
8942,67.3
8943,98.3
8944,52.5
8945,24.4
8946,22.9
8947,41.2
8948,95.6
8949,57.7
8950,73.7
8951,85.9
8952,99.9
8953,20.7
8954,72.1
8955,85.2
8956,19.3
8957,29.4
8958,32.5
8959,62.7
8960,8.7
8961,72.8
8962,42.7
8963,28.1
8964,93.0
8965,56.4
8966,64.3
8967,25.3
8968,2.8
8969,80.0
8970,40.1
8971,56.5
8972,33.1
8973,74.6
8974,88.5
8975,92.9
8976,79.4
8977,52.9
8978,65.7
8979,38.8
8980,5.2
8981,79.1
8982,56.3
8983,68.9
8984,28.0
8985,79.6
8986,28.2
8987,50.4
8988,28.2
8989,66.0
8990,37.1
8991,8.7
8992,42.7
8993,47.0
8994,95.6
8995,42.3
8996,53.5
8997,7.6
8998,21.9
8999,33.1
9000,39.3
9001,4.0
9002,61.7
9003,2.0
9004,37.7
9005,21.8
9006,72.9
9007,9.7
9008,66.2
9009,88.4
9010,35.7
9011,4.8
9012,87.7
9013,25.2
9014,72.4
9015,86.7
9016,91.4
9017,29.9
9018,37.5
9019,78.8
9020,3.1
9021,19.3
9022,85.8
9023,69.2
9024,17.8
9025,10.1
9026,46.5
9027,44.6
9028,69.9
9029,52.5
9030,40.0
9031,75.3
9032,70.2
9033,36.1
9034,58.8
9035,41.8
9036,50.2
9037,88.1
9038,17.2
9039,11.3
9040,3.3
9041,33.3
9042,62.5
9043,93.7
9044,63.5
9045,15.6
9046,73.3
9047,55.3
9048,94.1
9049,6.9
9050,44.3
9051,6.7
9052,94.4
9053,6.7
9054,43.9
9055,76.7
9056,48.9
9057,54.1
9058,24.7
9059,79.0
9060,43.1
9061,20.3
9062,72.4
9063,8.4
9064,95.6
9065,2.0
9066,80.7
9067,61.1
9068,30.6
9069,33.3
9070,61.6
9071,41.6
9072,93.9
9073,36.4
9074,45.0
9075,23.1
9076,51.2
9077,39.6
9078,65.6
9079,89.9
9080,32.4
9081,70.3
9082,34.9
9083,23.6
9084,21.4
9085,22.7
9086,16.0
9087,25.4
9088,35.8
9089,60.8
9090,85.2
9091,21.2
9092,71.6
9093,47.0
9094,73.9
9095,27.4
9096,27.7
9097,78.0
9098,0.3
9099,88.5
9100,81.7
9101,50.6
9102,97.2
9103,19.6
9104,0.1
9105,87.9
9106,31.4
9107,59.5
9108,37.4
9109,11.3
9110,66.1
9111,81.5
9112,44.3
9113,46.4
9114,92.0
9115,87.5
9116,20.4
9117,93.9
9118,4.4
9119,46.5
9120,57.1
9121,93.7
9122,19.2
9123,56.8
9124,66.1
9125,93.5
9126,16.0
9127,53.6
9128,0.8
9129,49.8
9130,73.9
9131,38.5
9132,83.7
9133,52.8
9134,54.3
9135,65.1
9136,64.8
9137,80.9
9138,63.7
9139,55.4
9140,24.9
9141,46.6
9142,87.8
9143,50.7
9144,4.8
9145,54.2
9146,42.8
9147,64.5
9148,44.6
9149,63.5
9150,53.1
9151,45.5
9152,64.4
9153,51.9
9154,58.0
9155,12.0
9156,28.2
9157,87.7
9158,7.0
9159,64.9
9160,13.0
9161,29.1
9162,12.3
9163,62.9
9164,17.7
9165,25.9
9166,8.0
9167,6.3
9168,54.3
9169,46.6
9170,10.7
9171,96.0
9172,81.1
9173,26.3
9174,97.5
9175,75.6
9176,29.1
9177,92.4
9178,9.6
9179,59.7
9180,85.9
9181,88.1
9182,18.2
9183,44.3
9184,31.8
9185,87.9
9186,90.9
9187,50.9
9188,90.6
9189,31.1
9190,68.9
9191,12.9
9192,7.4
9193,3.4
9194,51.2
9195,32.9
9196,74.8
9197,61.1
9198,2.8
9199,22.5
9200,11.4
9201,90.1
9202,52.4
9203,98.7
9204,21.3
9205,5.4
9206,8.7
9207,83.3
9208,66.7
9209,41.1
9210,41.0
9211,38.8
9212,86.6
9213,44.8
9214,72.9
9215,95.8
9216,99.6
9217,50.3
9218,87.4
9219,51.2
9220,78.5
9221,48.6
9222,92.3
9223,17.8
9224,58.7
9225,59.9
9226,67.7
9227,29.8
9228,81.9
9229,44.3
9230,12.8
9231,60.2
9232,24.3
9233,26.2
9234,35.3
9235,65.9
9236,4.0
9237,89.7
9238,29.3
9239,22.4
9240,92.4
9241,30.7
9242,23.6
9243,38.5
9244,79.0
9245,34.6
9246,73.8
9247,12.9
9248,59.1
9249,10.8
9250,47.4
9251,69.8
9252,15.8
9253,66.6
9254,78.9
9255,29.3
9256,87.4
9257,75.8
9258,99.5
9259,84.2
9260,8.1
9261,38.5
9262,25.3
9263,74.0
9264,98.9
9265,64.9
9266,79.3
9267,86.0
9268,66.3
9269,14.0
9270,59.0
9271,84.7
9272,21.7
9273,13.1
9274,71.1
9275,46.1
9276,99.0
9277,92.6
9278,33.7
9279,53.6
9280,0.3
9281,58.5
9282,87.4
9283,35.9
9284,41.1
9285,33.9
9286,87.9
9287,35.2
9288,57.0
9289,54.1
9290,61.6
9291,36.3
9292,75.0
9293,37.1
9294,8.6
9295,15.3
9296,64.3
9297,32.5
9298,16.4
9299,19.5
9300,68.1
9301,73.2
9302,0.2
9303,97.2
9304,25.7
9305,71.5
9306,8.4
9307,81.3
9308,79.8
9309,19.3
9310,94.3
9311,97.0
9312,93.6
9313,45.3
9314,99.6
9315,95.5
9316,11.8
9317,82.6
9318,51.1
9319,96.6
9320,75.9
9321,21.3
9322,46.4
9323,58.7
9324,2.5
9325,21.7
9326,67.3
9327,80.2
9328,74.5
9329,86.8
9330,10.6
9331,32.7
9332,15.9
9333,91.6
9334,88.9
9335,51.5
9336,2.7
9337,17.7
9338,30.9
9339,35.4
9340,11.7
9341,24.5
9342,43.4
9343,1.3
9344,84.9
9345,77.0
9346,3.0
9347,48.3
9348,9.2
9349,50.0
9350,12.6
9351,9.0
9352,10.0
9353,86.3
9354,96.8
9355,34.6
9356,38.5
9357,56.8
9358,76.9
9359,88.4
9360,58.4
9361,46.9
9362,74.8
9363,10.1
9364,55.5
9365,61.4
9366,97.8
9367,95.6
9368,50.1
9369,48.7
9370,22.0
9371,69.6
9372,24.7
9373,43.2
9374,62.9
9375,69.9
9376,73.1
9377,24.6
9378,13.3
9379,8.1
9380,80.9
9381,68.9
9382,72.0
9383,14.5
9384,19.9
9385,40.2
9386,21.2
9387,37.4
9388,77.9
9389,2.0
9390,94.0
9391,43.3
9392,45.4
9393,57.9
9394,84.2
9395,0.8
9396,22.1
9397,76.5
9398,2.4
9399,64.2
9400,18.1
9401,3.9
9402,7.7
9403,0.0
9404,17.9
9405,35.9
9406,64.5
9407,89.3
9408,97.3
9409,95.4
9410,83.7
9411,3.6
9412,75.3
9413,52.8
9414,1.3
9415,41.4
9416,84.2
9417,95.6
9418,7.2
9419,18.1
9420,65.3
9421,27.1
9422,21.7
9423,90.5
9424,78.1
9425,54.7
9426,89.7
9427,80.0
9428,23.9
9429,81.0
9430,97.6
9431,11.9
9432,95.5
9433,92.9
9434,63.0
9435,93.1
9436,30.6
9437,66.9
9438,99.4
9439,55.7
9440,37.4
9441,26.5
9442,78.9
9443,46.6
9444,27.8
9445,18.5
9446,75.3
9447,9.9
9448,79.5
9449,90.9
9450,48.1
9451,14.7
9452,36.1
9453,71.0
9454,71.8
9455,78.7
9456,54.7
9457,53.5
9458,7.7
9459,12.7
9460,81.8
9461,4.4
9462,55.0
9463,48.4
9464,78.6
9465,45.1
9466,36.1
9467,1.2
9468,99.0
9469,62.0
9470,11.8
9471,39.9
9472,86.5
9473,2.0
9474,54.3
9475,42.9
9476,57.2
9477,72.5
9478,71.8
9479,74.2
9480,8.3
9481,40.6
9482,95.2
9483,24.8
9484,39.9
9485,43.1
9486,29.3
9487,58.4
9488,80.7
9489,8.8
9490,13.6
9491,73.9
9492,12.1
9493,54.3
9494,8.4
9495,87.8
9496,57.9
9497,69.4
9498,51.2
9499,20.8
9500,39.3
9501,60.0
9502,67.5
9503,18.6
9504,55.3
9505,23.5
9506,52.1
9507,43.3
9508,80.5
9509,48.9
9510,4.5
9511,12.9
9512,82.9
9513,94.7
9514,67.9
9515,2.8
9516,81.1
9517,37.6
9518,53.8
9519,47.9
9520,90.4
9521,39.2
9522,67.5
9523,16.7
9524,3.1
9525,51.9
9526,89.5
9527,15.2
9528,53.2
9529,37.7
9530,97.3
9531,20.7
9532,24.8
9533,69.0
9534,72.1
9535,76.3
9536,85.6
9537,83.6
9538,55.4
9539,51.9
9540,78.0
9541,60.3
9542,91.4
9543,78.8
9544,71.0
9545,5.9
9546,91.0
9547,74.6
9548,65.9
9549,56.8
9550,7.4
9551,98.2
9552,17.1
9553,46.0
9554,84.2
9555,57.8
9556,32.2
9557,0.0
9558,81.1
9559,60.8
9560,25.1
9561,28.3
9562,71.9
9563,54.0
9564,28.4
9565,74.0
9566,94.5
9567,89.0
9568,67.0
9569,19.4
9570,15.2
9571,9.8
9572,75.9
9573,2.6
9574,72.5
9575,16.7
9576,77.9
9577,78.4
9578,87.6
9579,56.6
9580,39.5
9581,29.3
9582,24.7
9583,52.2
9584,18.4
9585,98.1
9586,30.2
9587,19.3
9588,99.2
9589,3.4
9590,87.4
9591,62.9
9592,9.4
9593,65.5
9594,36.0
9595,7.7
9596,19.3
9597,90.6
9598,50.4
9599,67.7
9600,15.7
9601,73.0
9602,13.5
9603,95.2
9604,2.3
9605,48.3
9606,17.4
9607,78.8
9608,84.2
9609,76.7
9610,58.5
9611,12.3
9612,77.6
9613,37.7
9614,80.2
9615,33.6
9616,6.7
9617,88.6
9618,46.5
9619,73.2
9620,38.2
9621,49.0
9622,9.1
9623,15.0
9624,85.6
9625,17.1
9626,21.7
9627,3.7
9628,90.9
9629,78.6
9630,29.3
9631,57.1
9632,74.5
9633,58.0
9634,8.9
9635,70.2
9636,43.6
9637,25.3
9638,36.5
9639,39.7
9640,91.6
9641,44.6
9642,95.0
9643,8.9
9644,12.2
9645,43.5
9646,89.5
9647,78.3
9648,63.7
9649,96.0
9650,15.5
9651,50.2
9652,98.6
9653,34.0
9654,27.7
9655,91.4
9656,14.8
9657,72.0
9658,46.7
9659,30.0
9660,75.6
9661,73.9
9662,12.9
9663,48.8
9664,74.1
9665,49.2
9666,47.9
9667,76.0
9668,32.6
9669,5.4
9670,52.2
9671,86.6
9672,18.2
9673,70.8
9674,9.3
9675,29.0
9676,90.6
9677,53.9
9678,13.8
9679,73.8
9680,23.5
9681,21.8
9682,27.6
9683,59.7
9684,82.6
9685,34.0
9686,54.5
9687,6.0
9688,69.5
9689,49.5
9690,60.2
9691,94.3
9692,29.3
9693,26.9
9694,73.7
9695,40.5
9696,5.8
9697,84.0
9698,96.4
9699,76.0
9700,23.3
9701,80.8
9702,22.9
9703,33.4
9704,38.0
9705,6.8
9706,66.6
9707,77.5
9708,89.8
9709,17.6
9710,20.1
9711,12.5
9712,60.3
9713,58.1
9714,45.9
9715,43.2
9716,13.3
9717,78.1
9718,90.7
9719,55.0
9720,65.2
9721,41.8
9722,97.3
9723,64.9
9724,43.3
9725,4.4
9726,67.2
9727,37.8
9728,56.2
9729,82.2
9730,67.9
9731,64.9
9732,65.9
9733,50.6
9734,7.3
9735,33.2
9736,44.8
9737,11.8
9738,92.0
9739,45.8
9740,75.3
9741,46.7
9742,14.6
9743,95.4
9744,85.8
9745,95.8
9746,30.1
9747,90.3
9748,99.1
9749,68.6
9750,73.2
9751,39.3
9752,4.3
9753,53.7
9754,5.2
9755,53.6
9756,73.3
9757,10.5
9758,54.9
9759,19.7
9760,18.8
9761,19.6
9762,71.6
9763,29.7
9764,71.5
9765,13.9
9766,43.2
9767,94.6
9768,53.1
9769,91.3
9770,71.6
9771,71.7
9772,44.4
9773,19.8
9774,74.5
9775,10.0
9776,91.1
9777,25.7
9778,51.3
9779,70.2
9780,33.5
9781,58.0
9782,68.9
9783,81.0
9784,12.3
9785,28.7
9786,84.5
9787,5.0
9788,72.6
9789,67.5
9790,25.6
9791,10.8
9792,40.1
9793,71.5
9794,46.2
9795,47.0
9796,21.9
9797,11.4
9798,6.2
9799,72.8
9800,18.4
9801,17.4
9802,2.8
9803,20.7
9804,29.4
9805,11.0
9806,27.7
9807,6.2
9808,67.7
9809,17.8
9810,98.0
9811,63.4
9812,64.3
9813,70.8
9814,73.8
9815,34.2
9816,72.9
9817,72.6
9818,51.1
9819,60.4
9820,80.4
9821,73.7
9822,72.6
9823,31.3
9824,16.8
9825,88.7
9826,55.6
9827,96.2
9828,55.1
9829,50.3
9830,74.9
9831,6.4
9832,57.3
9833,54.7
9834,15.6
9835,12.9
9836,58.5
9837,67.2
9838,40.4
9839,44.8
9840,22.3
9841,77.0
9842,16.2
9843,31.9
9844,31.7
9845,29.2
9846,46.3
9847,85.1
9848,98.1
9849,46.9
9850,29.8
9851,42.3
9852,49.7
9853,57.1
9854,78.8
9855,9.6
9856,57.4
9857,58.6
9858,74.4
9859,49.4
9860,71.1
9861,67.3
9862,17.1
9863,75.8
9864,47.8
9865,82.5
9866,30.7
9867,68.7
9868,64.6
9869,87.8
9870,66.3
9871,8.0
9872,40.0
9873,87.7
9874,73.7
9875,46.5
9876,0.7
9877,33.1
9878,42.2
9879,62.9
9880,29.0
9881,96.0
9882,19.4
9883,26.1
9884,22.1
9885,19.3
9886,37.9
9887,43.3
9888,25.4
9889,96.8
9890,6.7
9891,50.1
9892,69.7
9893,69.4
9894,66.2
9895,25.9
9896,42.0
9897,41.7
9898,0.2
9899,68.4
9900,0.6
9901,25.1
9902,51.7
9903,29.1
9904,85.6
9905,39.2
9906,45.6
9907,38.4
9908,12.0
9909,46.6
9910,31.6
9911,87.2
9912,42.9
9913,4.0
9914,51.7
9915,29.6
9916,15.6
9917,37.8
9918,81.6
9919,66.6
9920,49.2
9921,79.0
9922,54.0
9923,34.6
9924,73.5
9925,21.1
9926,99.7
9927,83.3
9928,54.5
9929,2.8
9930,22.8
9931,86.1
9932,71.0
9933,83.7
9934,74.4
9935,61.3
9936,51.9
9937,44.9
9938,65.1
9939,79.9
9940,93.9
9941,5.9
9942,1.7
9943,16.6
9944,92.0
9945,62.6
9946,49.4
9947,4.2
9948,49.0
9949,66.5
9950,63.1
9951,93.0
9952,82.4
9953,10.8
9954,57.7
9955,57.5
9956,30.6
9957,44.4
9958,82.8
9959,62.7
9960,87.0
9961,17.1
9962,42.7
9963,8.7
9964,0.5
9965,5.3
9966,62.9
9967,7.5
9968,76.8
9969,77.9
9970,82.4
9971,96.5
9972,41.6
9973,21.7
9974,75.7
9975,51.0
9976,27.8
9977,44.3
9978,64.3
9979,49.7
9980,0.6
9981,12.2
9982,92.1
9983,23.1
9984,26.6
9985,37.2
9986,14.5
9987,4.2
9988,25.2
9989,90.6
9990,40.3
9991,96.2
9992,78.1
9993,38.3
9994,96.8
9995,79.5
9996,25.8
9997,49.8
9998,21.9
9999,28.6
10000,73.6
